767
4527
41
1634
4181
4176
3550
486
1868
734
887
1569
4777
4813
235
4004
2438
1333
3990
2783
107
3706
3310
3899
1441
2307
2751
739
3109
969
4863
3163
243
2752
3292
3533
1935
3021
293
4828
3945
4302
2011
4289
3723
4583
1614
3595
3579
1419
2799
2844
2413
3815
3283
827
4184
4714
4418
3812
4158
903
2436
858
2956
1031
3127
139
3695
4953
325
285
647
3237
2988
3956
4705
4462
1099
4853
3821
4598
3025
516
2973
706
3023
2874
350
2092
334
2773
1970
696
1982
1352
2458
1066
876
2728
2560
1172
4048
646
460
3205
1225
4648
697
271
2626
91
4388
4974
2013
2821
4143
3261
2143
1385
1045
1799
125
4830
4269
4903
2171
2941
134
4097
1289
4977
4711
1181
1688
4627
945
1472
3589
4484
1512
116
4238
1568
627
4129
156
4592
3332
4520
3753
126
51
1593
4910
4828
1937
3433
867
4613
4056
3459
3931
726
4091
3382
3352
4389
1817
4573
1291
4470
2935
2249
4454
360
4464
4331
4646
1150
2477
4298
1002
981
1162
4868
4163
740
4835
4001
168
1999
4123
2768
2106
4829
633
122
573
2147
2025
3847
1721
4337
342
3751
1311
1331
616
1882
4590
4145
2047
3743
4456
3987
4335
1267
3426
2800
2336
2266
928
3395
3508
2125
1231
3965
1881
3408
1043
1127
4351
2903
3756
767
1933
583
169
4251
3833
3128
3572
315
2106
4711
1025
2262
4315
425
2111
2813
4401
3663
1015
4741
2468
1363
2555
833
1799
2772
4821
1153
4551
4255
181
1668
1265
4648
2177
4445
4534
4035
1563
4739
2707
3917
889
3064
1790
3114
2163
3515
263
1915
4565
4747
2056
3469
568
2856
4559
3177
1001
19
3281
3915
3657
3102
3244
3758
3127
1876
1407
3915
2953
1226
1017
3055
499
2324
1672
1902
2679
2879
327
2835
3692
4637
3595
1840
1008
818
2546
1246
4665
656
1799
3812
2414
3862
2736
308
534
903
4709
4780
4520
261
3938
53
1357
2894
4559
2289
3493
3761
4448
2322
4948
4909
1048
3693
4001
1856
788
1880
3116
3077
844
4034
867
2642
685
3277
1567
2687
811
4325
2746
3873
3058
2944
2229
3973
1457
4914
3309
2909
4681
1020
1596
105
865
2541
4292
1242
1463
1932
3308
4678
4035
4124
191
4135
2734
4559
4854
3263
4454
464
3009
2580
1944
4474
104
4056
3060
1634
2781
4532
904
1687
2165
1181
347
2524
3841
3246
3437
4256
2605
761
1936
2064
3367
2951
2521
3979
3835
3145
3433
1256
2697
3961
869
1823
190
852
1199
341
2206
1787
3200
1857
754
1254
3936
799
2069
2339
1557
1043
12
293
1539
4841
2897
903
1243
4773
4611
3492
2854
2561
977
1502
927
4548
2129
3287
3842
2388
4712
3246
4152
4413
3943
1323
1931
3508
4443
4177
2787
545
2459
3144
3976
3232
2961
1425
3278
4537
2974
1301
1821
255
1851
3597
4571
1055
4288
3993
243
1484
2325
1706
1833
532
4282
3858
26
4610
4736
4388
805
534
4561
1269
4758
3168
1474
1848
1993
4330
132
4617
2078
4041
1562
111
648
1791
4799
248
2323
3039
1373
23
936
3662
1422
3205
1009
227
3481
2210
70
2316
1743
3025
4041
503
3444
2773
1319
3911
91
1368
4668
3251
4398
1933
3954
2267
4662
695
1817
4297
4545
4188
4989
1812
3483
3464
4531
1613
104
2219
330
4969
695
4640
1225
1857
3618
4969
3300
2202
4827
629
1227
354
3368
4759
4540
2679
3880
4307
4505
959
3635
3600
4257
4049
681
1369
4670
4899
4582
556
840
2977
877
1601
4551
2288
4603
3046
770
1326
4289
1175
1108
4776
3314
4205
1162
4832
1703
770
287
2255
3793
4006
4452
1897
3513
2235
2217
3436
3459
546
491
3534
3077
4886
4675
2432
4815
3507
4564
1021
2814
899
2583
1610
3731
1730
1991
1557
4654
4247
4840
531
396
2726
404
4687
4760
3293
4571
2987
1828
3535
3156
138
448
3236
2950
2857
4984
1063
857
3469
2670
4681
249
4431
648
1583
997
1598
2988
2502
2350
4627
3423
4086
2740
1420
4245
712
870
117
1432
403
3767
3178
2925
2767
1592
4147
3936
3475
4736
2112
3554
2167
3772
2350
4654
263
1714
638
3370
4751
4899
850
3489
1096
2346
1415
56
13
2488
4895
2984
3136
3216
54
1256
2871
3040
1657
4101
1791
64
1792
2033
1149
4226
3541
971
3494
590
4850
597
4470
2226
4319
753
816
2090
2510
391
976
1675
3943
743
4917
2838
1126
2925
1468
2411
4906
1642
2594
4455
4926
2272
1093
1143
4826
2144
1217
3188
4787
2933
4163
1377
1724
3758
3059
196
123
724
107
1238
356
2766
4192
2234
4498
4998
3605
2615
1583
3287
4332
2791
2225
2918
2673
838
461
4199
2505
2049
900
2385
1972
1994
4075
3356
673
676
1029
47
4567
4370
142
929
2619
4156
2361
4434
1521
16
3202
631
1502
896
885
3173
882
704
2275
2327
575
2129
4305
1566
4039
4986
3582
2071
1317
538
843
2984
20
2028
1292
4441
161
2924
2069
2462
4042
2500
723
688
4486
473
4789
1541
775
2502
1841
3784
3961
3338
2545
3163
2764
3084
169
4886
2304
2521
3404
129
2463
4722
2213
870
1787
2290
1853
226
3306
3293
4550
4336
256
622
2951
4657
1684
2270
1618
447
2881
4366
3982
3707
2531
3989
3167
4354
4978
4076
1644
1372
4760
976
4050
1880
3092
398
141
3791
208
65
2742
2460
1248
3878
2284
1431
21
4358
1649
2448
4533
2299
440
4782
504
316
2214
1021
1979
4516
583
4101
4576
4415
3667
329
459
2789
4507
2729
3682
1301
3779
4773
1274
159
2332
3030
1230
956
4421
1155
3414
1099
2336
3069
1645
3224
1490
3138
4439
708
3089
3613
4051
386
3892
1118
1606
4228
4400
2480
4409
334
3857
4535
4165
417
1752
4349
2504
3283
2720
957
1635
892
391
682
4129
1388
1518
1152
2518
2098
1921
4219
637
1217
1843
482
3086
968
2881
3986
4058
3953
4521
2107
1648
915
2062
4835
3151
942
1699
4550
907
406
4798
2733
2138
2007
2118
1190
1920
4486
4385
702
2753
1724
318
3173
3693
516
1220
1434
1769
1231
22
3323
2470
1728
742
194
1101
171
3192
1780
521
1022
3567
4950
3536
1823
2739
2088
1192
122
4033
2238
211
2861
3956
957
861
2657
892
1273
1371
3478
2909
140
1963
4561
619
2035
21
3819
3281
2019
4506
842
3176
4354
1745
4920
189
975
194
1925
2698
3043
316
923
168
4952
3472
2745
3931
3388
1669
4328
1242
907
684
3081
3304
3868
1900
4500
4004
3059
1786
365
3096
4366
2077
3163
4673
2744
593
1809
3777
2403
3091
3010
3176
2288
4
77
971
3282
1433
4459
2007
1098
4488
4204
2976
4051
1950
2442
2367
2049
2985
4785
754
3443
3058
73
917
2251
4709
3091
4611
3400
4976
661
604
1636
3776
355
457
4435
2812
4853
1740
815
4762
2673
4544
1892
1038
3511
1238
4806
2346
2634
2413
2477
1283
2062
1194
88
3450
2506
4938
46
1936
2842
4175
4006
295
596
1105
977
69
171
554
4658
1968
2246
3110
1017
2114
1136
2160
2532
3558
759
3323
2881
4877
4676
4177
1459
2309
4389
4127
3748
2122
4145
2036
3956
704
4868
2162
503
4781
3356
1446
1998
1820
3293
3654
3458
3032
3282
1458
874
2954
3547
2766
2497
1429
2147
4995
3290
2996
36
2519
418
387
1580
3025
3544
4459
4351
4855
4858
2485
1361
1417
3786
4648
1682
4240
1973
1993
2700
3780
4034
2718
17
882
2594
4833
4524
483
2404
639
3956
4604
3817
4502
4304
3090
1276
3041
435
2200
3087
4797
3130
1678
85
416
3701
740
4174
4010
3228
4420
1855
2718
4896
2971
1309
4593
2763
2760
3217
2806
1979
1416
14
1904
22
3283
4734
979
2509
3240
2512
814
205
4933
2072
503
2815
3479
3577
2723
3232
3557
1441
3781
2813
2578
2060
599
2510
1353
1415
3422
3979
2105
4297
3855
3772
1144
1401
132
1380
420
4312
3388
1460
4654
4652
4379
3507
4528
2064
4626
919
3443
2524
2474
4195
4179
4442
4169
1772
3110
2248
2398
714
6
930
3646
3127
4610
3606
579
1901
1229
658
4726
88
2127
3166
2681
2035
961
3241
4054
768
3822
4661
2889
2202
4852
3840
3626
3161
4522
4454
3501
3647
2586
476
3983
1992
138
891
4574
766
2670
1022
1342
3783
713
3610
1200
3272
798
981
3348
4558
1871
1838
4368
771
6
3254
463
3998
1826
4231
4299
235
1021
2234
2448
1298
4035
1900
1467
1002
2338
165
687
2007
1415
2905
3292
62
1988
1185
4437
4216
3523
1001
3123
2016
3975
1219
3984
2884
798
1186
2936
80
1878
4484
4820
713
1483
2501
4286
406
2853
2450
3852
3552
835
1220
4249
2653
360
4251
1551
908
159
860
3493
2424
1855
2146
738
3398
4859
2727
873
4248
1877
2217
3121
1279
1008
2328
3559
529
2425
1487
4819
1069
3823
4851
1863
4428
2144
4403
3914
3367
4302
2451
4190
4734
3118
1974
3034
4244
4195
4181
4894
876
3447
4958
2886
3760
995
3014
4852
2945
3440
3306
3811
4370
275
442
3581
1469
3211
2014
3216
1718
1531
2700
2359
4350
1297
4764
4349
1382
68
1193
879
4738
3501
4785
1900
4823
3753
466
4178
3490
4803
87
3742
329
670
1441
932
4588
1087
3145
3629
2343
2756
824
586
3747
518
2146
4890
1494
3201
52
4585
3520
1013
2884
1284
565
247
3211
1797
3933
29
1027
1640
2987
1179
1310
2237
1180
4813
2939
3460
2981
2490
1934
1111
489
4933
1084
2978
694
550
4217
2031
2316
1696
2932
1312
2285
915
2054
4603
855
2833
1240
1573
145
3886
3329
4606
319
4361
3058
4055
2046
2766
2521
963
2537
4631
1506
3413
3907
3238
852
3733
4414
1827
2438
2572
3062
3647
2929
4695
2165
1003
4012
3917
327
1217
4190
4856
3600
231
3019
851
2000
3193
2642
1715
4493
1306
3794
3416
4591
321
4217
4357
4272
4643
3677
953
551
628
3162
1103
503
1963
600
1073
1339
3670
3455
469
3819
4028
3051
3043
3346
4886
4009
30
1445
2448
2376
2260
4865
3855
3670
1175
4290
3535
1217
3900
1094
1002
3578
4267
1857
317
9
924
2124
966
1312
2130
1173
2388
3788
4071
1267
2346
472
3997
337
3195
4584
3136
3616
1367
65
2285
3629
860
205
1810
1372
1983
2329
4396
2423
3043
1402
4098
2628
4283
533
1648
1226
4443
1608
2880
3259
3422
97
4033
4047
795
187
3639
2212
1834
311
3142
4480
4184
640
2518
420
133
761
2692
3886
547
3940
3786
2638
2766
3570
2369
237
4777
4232
271
2410
4171
3390
575
4471
1905
3088
1248
2698
2144
1236
4744
1955
2955
4532
2755
2501
2389
2337
3995
4947
3649
2195
1801
3407
16
4727
2452
2132
4312
399
4616
1586
4546
1209
4490
1082
1213
2651
1225
3065
2486
1546
1026
3706
3726
1209
1426
2137
187
3822
848
447
4379
346
439
4627
3809
4013
4865
4750
434
1438
551
4045
1830
4020
3095
114
608
2605
3099
3286
2955
526
2905
3798
2230
211
2983
481
4177
3054
2870
4141
2988
4910
3778
1804
3651
4138
2261
2539
434
4216
1450
1615
1195
931
4102
2552
2601
3369
471
1728
1872
4674
4929
2871
4498
556
2994
596
3160
1228
2362
4772
2281
654
3261
1519
4452
1097
1134
2778
2703
3079
4490
2752
1971
2163
3375
4338
231
750
2718
3812
3347
1447
4033
666
2136
892
4753
939
456
1081
3865
999
4600
2197
2942
1101
512
4602
2423
1077
2456
3559
1021
329
3144
3710
562
3897
4436
4405
4670
4332
1899
1937
2974
4811
1313
122
2640
790
2499
2404
3880
2471
3889
4231
103
2680
1768
4330
2838
2266
1556
551
963
1942
266
1462
2340
805
654
546
59
3517
4712
3972
1130
1284
703
11
3309
4444
4323
2143
348
70
714
612
4365
4223
3446
4183
401
2873
2578
3064
3204
2455
4581
928
1481
1822
1873
85
1061
1590
444
1230
590
801
3901
3384
424
2660
2727
4707
1452
711
3882
1749
4359
2057
360
1687
1659
21
1875
247
2258
368
3039
1598
1052
2774
2543
1611
781
3187
1964
3007
819
2765
4961
2294
4261
2091
1030
1464
161
3836
1667
111
4366
47
1654
2750
2883
803
1392
2090
721
4518
354
1808
1260
2383
1428
3446
2242
1318
4925
2250
3297
2310
4008
2977
1901
831
2431
458
1741
4028
1728
4826
2689
2899
3132
3991
4591
1209
3814
989
4214
4029
578
4388
1012
4218
3501
4610
3558
461
3043
3511
2062
4207
874
871
2901
823
3591
293
4858
1068
1287
4185
2176
1632
3654
1851
1843
2974
409
2058
3323
404
271
1938
3044
1704
1716
1210
4606
3422
2472
4056
1135
4336
1396
2277
4621
3777
2917
1108
4134
115
3205
4495
3604
1899
473
682
453
2260
1
3013
2414
2002
4878
2183
2398
1070
675
4489
4873
3071
4702
1398
2189
1931
3076
672
1885
4495
4099
129
2115
4854
4437
4476
3493
4047
2433
531
2929
3478
3190
1079
2322
4127
3198
4011
3121
3244
2203
2714
3894
2274
147
182
1268
2316
904
4205
2862
3327
3332
4442
670
3272
4816
1687
4431
4587
3207
4304
4896
264
3554
1465
1632
4677
733
3261
1610
1936
2787
216
1660
4262
714
2141
3232
4600
2281
3265
96
4659
1805
1422
2774
2632
3850
856
3847
4113
4669
939
2366
3097
4535
1001
3673
3267
4339
3891
1660
1453
4918
4338
2719
4008
854
1615
3371
329
558
725
451
325
3232
3362
2351
1409
3101
4508
811
3778
968
489
1986
4695
2457
4786
1234
4242
2974
2804
4614
2860
2578
3510
2901
4687
1496
967
4382
1244
2716
3402
135
1538
1021
4370
4052
4990
2425
1411
3369
231
2
4643
1448
9
4310
3885
3908
1267
3159
602
962
3440
4741
4352
3110
4395
2186
3139
1002
318
3040
763
1418
4835
387
2098
147
694
3075
4447
1473
3171
4248
4965
3702
4741
1588
1139
2687
3408
3985
182
147
2776
2794
4132
1312
2696
4663
285
3011
2833
2855
2742
2315
4621
4712
1005
4755
4383
3595
2155
3642
2973
2283
424
4985
2431
2098
1535
963
1343
3325
2305
4323
2229
4062
4861
889
146
4479
4948
2810
2809
3518
2844
1824
1848
4817
394
4853
628
3039
4032
1418
883
2807
3037
1399
4296
1361
1619
1135
1897
2304
4473
3576
3155
1878
2604
67
783
2024
2839
2464
485
3542
777
207
2492
4003
4520
3209
4474
1357
4447
4432
1041
4316
3322
4554
4107
1959
1357
3902
1094
1146
1945
3767
2312
249
1957
825
1059
4607
595
4796
861
990
571
1212
876
1840
4809
3205
4724
2414
2330
4173
4082
4547
119
1010
3056
4030
1793
532
238
612
2614
1766
1083
1821
2028
2884
1324
2886
337
1183
3944
173
4191
134
747
400
3629
2181
170
4184
3672
3974
1570
3900
3267
1859
1790
3575
4870
2052
4059
1495
4497
716
5000
2830
1056
2477
4576
674
2374
3288
727
1742
4642
2515
408
542
2383
3659
465
3521
1841
1771
4972
2259
4922
1597
732
4913
3727
2786
3178
3518
1205
4809
789
504
53
4854
4571
1975
2533
3030
3727
3236
2804
3558
1047
4315
3665
849
3766
250
3561
2007
170
4815
4519
3091
340
1569
2401
3309
3093
2435
3150
2066
3505
1715
1720
3958
4379
4249
2805
1899
433
4520
1722
2287
4853
2033
2471
328
384
3925
3687
3473
1260
4238
3425
4063
1450
1899
3618
677
2121
4907
65
3254
221
3739
2119
3421
3680
2085
2455
147
1290
1436
3589
2864
1579
37
3306
734
102
4697
1006
4717
1765
2962
1644
2696
3989
2090
3925
657
4875
1532
389
3323
963
4888
4595
3198
1046
3875
4611
4241
3631
3846
4253
3948
3364
217
2053
4889
624
2674
4772
1093
3238
1745
2133
1892
2637
1774
1070
3745
3644
2347
4113
1
498
3664
4409
2350
812
4939
4748
2582
1408
1903
4165
3106
4905
2207
1737
4036
4211
3347
420
2594
4621
3627
3166
2497
2411
4569
4167
3099
4274
4291
140
2089
3200
2960
3604
266
1324
1555
2585
1993
2854
3160
3074
4022
3147
573
3279
300
747
2827
2256
4598
3353
234
4936
3633
1928
4312
1646
1164
1782
1843
3703
1547
3435
3433
79
4368
3145
3540
2699
2407
4265
4389
1502
2562
1805
1157
1696
3459
3456
463
869
377
1352
2940
3825
3124
2868
582
2702
3701
2396
438
4881
2440
4393
3692
4972
2863
881
1403
4423
999
3199
1311
4907
3725
1181
2173
1193
3837
2619
1961
1557
149
2391
1910
3188
3805
1599
352
2105
2795
4869
13
1924
3740
4823
4627
1008
2986
175
1377
4116
682
1784
4861
319
3697
3636
4499
617
3593
678
465
4129
4800
4523
1060
4746
1615
3267
1579
4435
3829
3452
3535
36
2329
675
2749
2328
3113
4662
4701
3960
4624
4541
3536
658
2485
3082
558
171
4369
266
3330
4848
393
4852
1385
4596
25
2229
2124
4134
521
4169
3168
2524
4678
2762
988
2801
4496
22
104
4309
4746
343
2383
879
1337
3464
3560
4823
3489
2013
621
3846
4433
136
2600
4220
1596
3338
3737
2614
4258
1125
1053
3498
2235
3869
2672
1845
979
1313
2873
437
3555
2952
1880
1812
2065
3589
2970
2544
3011
1698
1371
2824
979
3380
2739
1491
4073
1827
3769
3153
1433
4295
30
3232
819
4420
3043
3903
2218
1643
3394
2271
1086
2883
1078
57
1307
1833
402
4567
1108
1351
3414
2990
3396
1977
3473
4880
2365
961
850
1878
612
1040
1929
1576
1211
2158
268
1122
3581
1384
1632
97
830
3854
3598
671
1033
4868
2154
1909
4611
2554
1700
4766
1106
3268
2168
2184
2
3477
2391
1821
4424
4539
4646
4780
2163
3569
3714
3285
442
207
2451
2695
1537
2697
2189
2343
4494
3592
4871
1057
3167
3104
1558
836
1392
1322
4069
1905
433
42
2996
3379
546
4939
2629
2908
1678
2479
532
591
3962
3848
4419
2039
1196
4874
2286
2429
871
2009
47
2682
246
4684
1613
3143
2194
3657
1234
410
388
4782
3053
434
3434
4564
1907
3912
4993
4469
2748
1029
2484
2373
3759
2421
2444
2271
524
2270
1946
682
4783
4186
3382
954
4993
3997
3241
946
4715
2243
2927
4562
3879
4673
445
2331
4439
446
2811
2169
1226
2972
897
4887
3768
3605
2889
2909
3395
3218
291
3512
2172
770
1571
1544
3824
1923
3429
1361
3776
1158
2510
3072
1819
4823
3485
4564
795
1734
2156
3681
478
1338
2113
3808
2660
3798
1747
2483
2809
4508
3664
62
567
3707
2393
2183
4817
426
3396
1386
3384
3557
1937
1885
4385
2326
3448
1762
433
2234
1227
2887
3217
1932
1600
4740
265
1806
1307
4831
2809
990
4634
1571
4508
59
1641
4732
2530
1843
3471
2424
2100
3738
726
440
302
1441
2997
2785
2351
190
2841
1607
1909
1213
3680
3581
4298
478
282
1470
2336
2941
2480
229
3483
122
3973
4875
1305
3998
799
3765
4796
1992
1777
4921
2229
848
1989
3081
925
4185
2633
883
1479
4886
779
218
2723
387
474
2253
1511
3377
4181
1694
990
4798
760
2008
4785
3703
322
4149
4407
1765
2200
1531
1398
2067
4027
1017
3279
917
1465
2213
2748
4392
4515
1645
1159
2903
2652
1364
4198
2212
4660
1765
2964
1057
2245
4698
3421
4521
4784
3131
2060
1213
4997
4242
2395
4494
1102
1941
4124
528
2465
2891
4735
1545
1620
4769
4996
1131
548
315
2343
3713
115
2267
913
4680
176
793
4415
2970
4037
520
851
2767
45
425
360
4215
1108
4336
2377
684
1576
1842
717
4941
4751
1342
1240
2013
277
4703
3528
3858
1076
1861
580
1976
4796
2352
864
985
55
1329
442
1719
4416
3755
4110
38
583
4100
1463
3626
1626
3709
3860
3821
2622
2992
895
2455
3061
4532
3515
1473
256
175
1976
2216
1892
1579
715
1404
431
4145
4339
3410
4043
4553
1985
988
2165
2929
808
78
485
3106
3799
1243
878
3005
3311
2302
1926
1396
71
1442
860
2866
3530
3582
3499
3144
2588
2492
4285
375
2813
4334
3988
1670
2307
3182
3348
1316
1625
1372
3800
1579
4899
3952
1213
424
541
3157
4060
602
3999
224
4236
4844
1769
482
2862
2022
1399
3280
1363
834
1620
780
24
753
4661
2119
1147
4273
4959
4900
2648
1305
4257
1768
2431
3721
4661
133
2523
3484
3328
642
2537
113
3125
2905
4278
4384
3160
1300
1280
3516
66
2288
1374
3850
3632
2952
4530
3915
2758
3329
3559
1703
2977
414
4812
2649
2822
2171
1343
3581
2580
355
3588
74
190
3691
2417
1410
2404
2376
1434
2168
3822
1114
1849
107
130
1279
2155
1392
2009
3697
2225
2277
868
1663
1563
3169
2078
1600
73
1102
4072
1698
3845
3387
3857
2946
468
386
3716
3550
111
4461
549
1581
2160
4615
890
2754
2415
125
4159
2283
2567
3934
2107
1561
602
1575
3720
4080
7
4551
3274
3088
4910
1024
2119
2944
3405
4958
3445
4221
1311
1629
2326
4670
4391
4633
4106
2835
4744
1798
1873
1701
3141
3824
4266
1325
411
30
1249
1530
4670
2193
1239
3233
2917
2060
1043
1379
519
1645
3695
4834
1060
661
1728
3799
3540
3562
4142
2420
4895
1028
2812
589
4419
3226
2424
1540
3850
1711
2789
2650
829
1760
3518
713
353
2155
2873
4937
1243
686
3217
3640
3506
491
2759
4771
3610
4698
4239
3672
1853
2300
2642
1423
3305
4248
4544
2192
272
4779
1938
2734
941
3655
3600
1064
1691
1417
564
2682
670
1999
4447
4163
85
1194
1018
3446
3163
1352
4380
2316
792
1441
3983
3664
1266
3854
4741
2212
4364
2343
2369
1720
1585
4945
388
4068
1833
865
1059
1664
2623
3756
2784
3576
4429
2281
4913
4980
2786
932
291
3300
3293
2425
3074
3218
4965
2969
447
4576
3476
3998
4065
3811
3207
3710
4227
3454
4252
3956
1084
1794
2337
3549
15
695
3653
3327
1134
3520
445
1597
1660
2500
2902
2420
641
3638
1196
8
1510
3629
1454
4716
2061
2439
2818
1492
104
3643
828
2045
365
3039
3032
4717
3426
1198
1166
1077
1368
545
1643
4083
2061
825
2420
3138
3970
567
2298
3845
4846
1502
3380
4554
2827
2008
4645
915
2898
2766
2803
3331
2530
4686
2606
3431
877
99
3192
1401
1545
2535
922
2912
4309
991
4379
2478
1013
1164
3908
4663
3420
376
1421
2473
120
1460
1190
93
724
4411
618
882
1417
4628
4613
1558
1946
3067
2871
2091
1655
4621
1104
3013
955
1963
300
4947
2566
1215
3773
1047
4439
410
2889
764
332
1458
106
4493
3932
853
3092
4603
4836
3980
1887
4701
12
1847
769
4651
1508
737
1349
775
4752
4165
37
2433
2576
2916
4849
3181
4368
3055
37
2208
1804
1107
2571
4762
944
4268
543
1130
398
4391
3879
1742
3971
1916
4136
4202
1024
436
4166
4814
768
1307
2211
3517
399
21
1688
3382
2471
4245
4340
4053
1007
1212
790
235
2814
4120
1152
141
1178
873
21
2094
3022
1462
684
3925
3583
2728
3103
4397
542
2727
972
4392
587
3523
381
2306
2344
1359
243
3103
1588
2683
3643
2698
1674
684
2441
128
1633
2244
4750
3432
4298
4667
1173
4599
3858
1960
1739
49
374
4891
458
2772
1827
709
2387
4217
2261
2578
4519
172
2123
2854
2448
4239
1366
3023
775
1221
1534
2304
3521
1246
4328
4954
1188
3480
1898
695
3503
286
1170
3953
1877
1725
4391
4655
3571
4843
70
3667
3362
3373
179
3581
469
1616
3712
817
4290
4464
1256
4124
4264
2409
3809
2965
773
2277
2201
1414
2501
3989
975
188
618
2473
302
270
3718
4992
1939
1850
3588
4314
4003
1198
2469
4138
4266
3984
1900
265
3575
133
1258
4322
2559
995
1303
2307
3199
4230
274
4473
3545
285
2618
2562
305
259
4332
4903
1731
4298
1037
802
4695
372
2824
3219
2570
3711
2233
4653
3400
4404
1030
4377
2677
882
2791
2421
4136
3933
2069
1980
3961
3181
614
996
3489
3329
3446
518
3775
1176
2391
985
1114
2929
1773
2569
999
997
3027
2958
3829
2596
4043
1113
4567
2149
1418
1382
2847
3915
2100
1033
1576
2127
4043
4066
437
1089
1585
4782
1016
4412
3829
2775
3043
1442
2262
3438
1028
696
2727
1575
501
3916
4269
4144
1222
339
2435
4476
1025
1220
4893
2821
3175
3260
276
1505
3862
1040
1742
4679
2829
4820
4281
4913
1323
280
3835
2646
2025
3029
201
4446
1523
712
902
1250
2514
1081
276
4905
940
4403
2726
3412
1744
2445
4219
444
3840
386
4121
4563
3085
2767
3535
3171
784
207
2924
2127
2334
752
4237
4076
4613
4059
100
1567
1542
2495
2234
1756
4286
4299
4028
2109
3715
4083
2944
2979
3013
2845
775
1328
328
4504
2527
2325
3901
358
2
1758
3040
1426
2328
4146
1857
4155
2660
4424
4676
4663
2605
828
1054
3447
3871
1089
4276
4332
4686
1131
3332
2456
616
1378
2525
4367
1381
3221
3908
2877
4109
765
3307
4807
2434
4169
1971
1176
2921
478
442
4951
2268
4181
776
2863
2905
4321
1478
3056
2384
3730
1412
3486
2224
3554
4646
4802
4191
1930
368
65
1120
1839
4288
3632
1491
3429
4565
4926
2972
2141
1998
692
1315
1384
1289
4843
1338
1704
2616
427
1353
294
1032
3784
4840
2998
2963
3007
3869
339
4528
2018
2182
3411
3740
1781
3021
3607
2549
4310
998
3500
3293
182
636
138
4111
2902
4182
463
2815
3024
4086
1726
980
870
2663
709
4929
1509
968
4152
2216
4475
740
4815
2578
3301
3147
2390
2303
3937
813
1088
3215
928
160
4677
955
2722
1281
1685
1837
1473
3206
2142
1798
225
4415
3975
2535
3332
991
1479
4399
279
2169
4182
2563
3075
3972
4101
4829
2014
4389
2475
769
3153
3494
4210
1400
4249
3022
2464
4267
141
2997
3378
939
3026
4731
1203
3759
1683
2114
2960
4147
252
4841
4236
3133
1102
3583
936
4541
1103
651
1330
1159
450
3963
368
941
2074
4706
867
861
3754
2300
1848
252
2009
3354
3328
3033
2997
1019
4542
4226
680
1797
740
4533
2246
3349
2760
2259
421
2876
1259
2736
2282
3404
2718
2148
4580
235
1066
1818
4022
3083
913
4085
2832
2896
1483
3358
1049
2720
1200
4045
3221
4246
1005
1361
3106
33
2314
2649
441
143
1635
4691
2917
3562
4412
1817
98
3912
4903
3069
2650
1863
3750
1498
1992
2418
4374
4187
380
3409
2867
1260
1433
2795
4390
3213
1634
613
444
1508
4630
1425
3735
760
2898
1459
3054
675
2735
3063
2227
3672
1230
2887
495
1017
3467
2795
4852
3914
4410
4398
2390
1354
1122
2035
1552
2069
425
723
4750
1643
4534
1781
2921
2909
3792
3422
1431
2326
4546
1878
283
369
1855
3421
682
4152
4778
2733
3313
3431
4231
2610
741
2085
3457
4603
2191
551
3050
612
2153
2859
4950
3761
4946
2722
1908
1942
4231
1327
938
4880
1437
4594
200
682
1118
4026
4879
3195
4796
830
2934
3864
2223
1382
3621
496
472
3225
3395
806
347
788
4145
1229
69
2902
1672
657
4820
1260
2120
3502
1738
3970
4655
339
1503
1387
2019
4018
2452
4730
353
4464
4351
4675
3827
1156
4806
2613
1510
2562
2299
180
3792
3319
3769
2866
1522
1985
1339
744
1314
2756
3637
4081
1479
4812
102
2363
4686
1711
3051
3941
3554
2455
1280
3197
2811
4505
4454
2161
1672
4984
1677
3986
1071
4769
174
512
2245
3365
2095
4877
3783
3098
3297
4747
641
2265
3110
911
4642
4120
1037
3401
1612
4300
3913
4928
2038
3198
737
2747
938
3770
357
659
2164
1157
2799
4115
4197
3921
4095
3458
708
1206
140
780
4558
3527
1462
468
1713
3194
2390
264
4419
2190
1318
456
658
1078
1810
2701
538
2719
2888
3969
646
3063
768
3452
2213
765
1332
1835
2242
4764
3633
3415
3094
633
4995
3280
2335
1418
3099
2951
2911
4523
2996
3284
1108
3721
230
3423
2279
1057
2039
1498
1852
2951
1376
2851
4838
238
3299
1478
4406
3237
1451
1008
276
812
3358
4945
4570
1809
4093
4569
4379
1222
4409
2481
2032
4184
1572
329
2059
139
3130
1733
2392
3746
4236
787
2659
1325
57
2622
2439
3311
1482
3275
736
2448
935
3562
3990
4133
380
1690
1193
4055
3143
406
708
3488
4028
4490
4803
3702
1267
4269
1866
2827
1375
413
636
3825
4328
858
741
678
2398
662
2152
4882
432
2162
4058
4812
4508
2561
4778
3120
330
42
2607
3535
366
3480
2104
991
2037
523
3247
2566
1702
3057
4201
2763
2339
58
3666
4099
1984
4114
1198
2540
1417
2839
3538
1851
4097
4952
3577
2621
2786
2288
3902
2744
4175
382
4198
2906
3458
1581
2031
1933
2903
3923
2282
3381
1725
635
4116
156
189
653
2774
4291
3675
2141
652
300
4556
174
1033
2232
2315
2575
2242
1267
2262
1592
26
688
3261
4416
3823
4415
942
3082
1717
350
1725
3250
3564
859
1364
1649
2703
2624
2000
4503
1169
4721
3140
4984
3835
103
1321
3606
2371
3292
3186
1789
278
3425
1925
1638
4997
1716
1378
624
3967
519
3273
334
4996
4676
2154
1069
3848
489
4336
2376
4852
3953
1481
1080
916
22
2807
1996
3962
3361
1097
1144
1856
4055
4981
2234
1061
726
4450
3639
1414
1307
545
485
23
4143
3584
2194
1280
493
2348
1382
191
4696
4
4621
3877
1820
4101
97
3029
4397
426
847
1598
1226
87
1234
2334
3035
29
307
1588
3988
4305
2370
532
2370
2273
469
1124
4283
1377
4719
94
3248
4241
995
134
435
1267
2035
3915
4849
3890
1142
4916
2246
3789
3245
412
2030
14
358
3019
1270
4670
3599
4513
4355
1470
1875
1362
3343
2996
2872
4177
4256
4299
2931
645
1515
98
3910
110
1663
3597
4486
4524
196
1400
2456
1631
3511
3656
4667
1430
4015
1031
3656
4276
4311
4135
749
3607
2498
4865
2849
1693
520
667
66
3309
455
418
3862
2525
2954
2187
3952
4949
1821
4411
2860
2800
1219
625
1527
2902
3306
514
3751
2022
245
857
205
3373
577
2015
770
2652
3659
4270
3447
4525
63
3328
2541
1121
928
1536
1806
2650
1831
3984
90
2198
1186
4033
2598
4139
1189
863
2874
3471
2170
418
248
764
1348
3249
1984
2425
337
3056
3177
3208
4823
230
3551
3268
1215
3010
2351
50
3571
1778
981
2242
2354
538
416
4263
1049
4834
1617
1631
4101
1006
3553
4494
4714
1820
4449
1297
205
3767
4136
704
2162
631
4754
4999
3185
254
1660
2025
2800
2611
3349
2697
4388
3239
4539
1354
3906
4558
2197
939
1850
3800
3583
1130
63
2943
2170
2914
1546
755
1898
3631
863
2917
4250
3539
512
4197
4478
1293
1792
2723
3273
2390
4673
3255
1566
4626
2394
1592
316
4722
2218
1416
4894
3990
2113
2348
1521
244
3344
520
3534
443
2157
2860
268
4649
2605
3747
2499
2740
2124
4293
84
4731
4048
204
1205
3898
1201
1136
1878
702
3367
2604
3980
4184
890
4340
2529
261
4706
3040
931
2260
4467
3251
1839
3378
4483
1728
1827
4491
15
2036
1860
3798
1081
2180
1722
3075
2881
3749
634
3722
4239
1703
4666
207
355
2557
4401
1117
102
3719
2152
4465
4050
545
1590
3533
3209
2643
4222
1095
2534
500
4693
2296
4073
4002
1782
3480
4837
4662
4685
1245
832
3336
1
2873
136
4570
1736
3005
2354
1421
3599
1094
749
2974
60
633
4924
4129
2226
4998
2879
198
1076
615
3639
2957
745
4310
1860
1915
1921
4484
2570
1783
993
24
2624
4816
2847
1827
677
3374
3254
1287
1386
4989
5
4462
3374
661
2118
174
628
3408
67
2248
280
4014
4137
4782
1678
131
2226
3123
4005
4775
4228
726
1633
2564
929
3436
1154
1210
4528
4240
2114
1883
1523
1433
4700
3189
2672
1110
2989
4749
3289
3479
342
1029
1399
2718
4385
4343
2365
742
3881
2310
1970
1630
2532
3273
796
3934
2102
1443
2476
538
2945
823
94
3546
3023
140
1592
4639
1070
1369
4046
1879
1220
1647
81
3029
77
3468
4540
4280
150
4251
4394
4562
1152
3914
4340
1636
3149
3729
2088
4197
1141
726
2988
1907
1008
1002
2747
4448
4141
1869
4962
3098
2838
4851
2823
4184
1807
2302
1971
2735
4279
3820
3533
1972
3404
2131
470
1994
2375
650
2084
4434
2318
1783
1184
2173
2255
925
2179
4253
4471
1455
3461
2228
384
1779
4659
4241
176
2216
399
3012
3614
4953
3250
2803
1093
4928
1664
4911
2399
2583
609
3012
4088
3114
112
4032
3054
1732
2506
4485
2734
3842
679
792
1468
3612
1176
3446
2813
3588
1406
1090
2536
2438
3427
1646
3314
1694
2126
1335
3845
4787
1672
173
1591
297
1167
4650
3159
2997
4156
3523
853
3025
3334
4223
3285
15
3460
1008
3352
4696
4764
2425
2263
3013
1780
523
2038
4157
3998
2663
652
3471
783
3595
4000
3294
2321
1332
3372
516
2260
3514
4998
3188
162
4402
2782
4865
2458
4843
807
4798
2539
2741
2363
89
1140
581
3331
1071
2511
4888
407
4338
4890
2956
4324
3284
2795
2953
992
2285
2106
2827
2753
460
4048
1545
3025
4459
1838
4856
4134
1467
3429
3745
2682
584
1223
4668
4142
1084
708
3034
1706
1799
1986
2064
4365
2792
4937
1066
4232
436
4452
4930
2088
288
551
3549
3651
1345
376
4456
2553
4547
1467
2679
4432
985
4482
270
4289
1054
2449
2703
1039
2346
4559
2403
3531
1978
2937
411
4919
4318
3242
59
308
1387
3011
1430
3086
3829
3998
3572
137
2444
107
348
4382
1153
854
874
3300
1793
4097
4540
1827
3503
4101
3582
2755
2640
596
3205
1860
4079
3841
1149
4519
3153
4952
1336
748
615
1277
1523
3700
2216
2442
4109
3770
3808
1597
194
1711
1385
2332
1559
4718
2169
1217
2127
4338
474
2750
2614
556
4014
3400
4307
2171
4653
2746
847
1878
4855
2068
3965
657
4540
220
1923
2351
697
4658
4995
6
815
1844
3161
4207
4682
3839
2630
3098
4588
158
4049
2546
722
4438
2668
854
566
688
595
4654
1029
3077
1203
100
669
4652
3030
4977
1042
1227
4054
2389
4848
3562
4792
257
3302
748
724
2121
496
4715
4699
1865
2111
2336
4676
570
4896
4952
1743
95
4813
3419
2548
2399
4807
246
1830
32
2473
4779
999
3338
2175
3934
3067
4279
550
4265
3172
2961
1978
4516
2293
3881
3968
2097
1994
3443
4752
2511
4211
2132
2427
1189
605
3364
1719
383
3848
2093
4598
719
4909
4211
4513
4583
4758
2735
3672
938
1607
3079
3055
2499
1638
1355
3422
1071
3315
4776
2634
4313
2184
4498
3837
3312
1889
2776
2450
3789
2568
3419
4093
1719
4600
128
1154
136
1735
2516
697
4161
2719
3188
2473
2596
3989
3949
1396
1663
4730
3638
2306
4932
2291
113
506
3352
4955
593
4242
1738
3623
977
2659
1212
2614
4730
1575
3880
1419
4928
4055
2011
415
4123
584
904
109
497
2484
1167
3540
3008
334
1376
3924
1644
2398
556
2168
634
4335
4450
949
1937
1632
1638
3121
136
4489
3690
897
2596
2278
3717
1971
3386
523
653
110
2053
4587
4874
2702
4550
361
4321
207
4019
930
1716
2486
1575
2640
2043
1554
4696
74
1287
258
451
2459
4361
1098
1008
4483
2230
881
1876
3101
4187
144
2663
1885
1151
1098
329
1889
4971
2474
1276
3367
3690
3698
732
1876
4069
2152
2237
4129
1212
3178
4369
2514
3576
3174
420
3336
2168
942
17
4319
1387
2986
4331
3847
4825
1689
2053
2296
2811
4332
3869
4182
2285
628
3697
3863
3684
4806
4679
4321
3933
4947
1090
3280
1099
337
4226
1744
1304
100
2306
2267
2754
2921
2056
2375
4767
3447
4988
4263
4902
3317
2554
3757
2128
2387
2108
954
1293
4749
3964
1081
3819
55
2524
2285
41
4352
83
1217
1765
3144
2889
1972
4282
3496
2274
4124
1409
4289
967
3592
4405
4423
2201
284
2270
244
541
3082
3387
1347
3575
1144
816
2196
4563
1587
2998
1308
1956
859
2123
2086
1944
4906
2623
2851
2990
484
2266
3045
2025
3385
3394
1674
3543
4225
4948
4057
2533
4665
1687
2225
1242
135
3504
4777
751
4417
2598
3454
4242
2279
4872
4094
4050
2507
4999
2567
2301
4097
2841
4158
4232
3899
4073
1886
2516
2593
1013
1207
4831
1041
2270
4235
1632
3886
2393
4643
4861
4622
4263
1111
2438
4271
3462
2548
2671
2977
2619
1506
4102
3277
4592
2324
2768
4990
191
1375
2488
3730
3347
234
4248
856
881
3439
3521
3298
1577
2434
1506
2662
1677
2441
2471
4992
1595
1745
518
1098
3568
1611
4940
2103
1178
1476
2920
2955
3567
5
493
3780
1837
4723
3319
3075
3364
3499
2118
253
4739
607
2153
2597
1863
676
1172
2101
3394
867
2170
2452
3226
4029
1292
2672
144
1688
2044
3433
4908
2396
3840
270
1742
4888
3197
1746
1394
2144
4547
4824
412
3595
225
2194
575
546
2244
329
4613
4774
1958
716
4193
199
4529
1703
352
2154
4041
3245
92
1526
3804
2009
3360
2999
1018
4217
3087
4851
2040
1344
2488
98
713
3068
649
1092
707
804
3070
2993
3185
841
2512
2681
4919
3224
2268
3023
3849
1244
307
3235
2093
884
3240
1722
2044
1523
1162
2637
974
2797
1058
4988
734
4087
2063
3283
140
354
2879
85
3298
2693
2946
1470
4117
3506
2350
2746
2543
579
4705
679
4416
72
542
1895
968
3361
3846
1105
1142
911
416
4437
3233
2576
2476
3956
2776
130
3743
3117
1523
618
888
4632
4098
4372
862
3613
4362
231
3052
2651
80
3535
3294
4016
2771
2128
1213
1893
3435
1832
3016
3841
960
2071
3377
3276
550
3527
4828
2145
2830
4810
3763
3299
4564
1901
2058
4234
594
1439
2502
987
2812
20
4881
1305
2135
549
4055
1465
3451
4608
445
1411
2610
742
4178
3080
1474
2330
942
3031
1901
1581
4531
3771
4566
2838
333
2673
3204
1452
1515
4055
3504
3479
4620
261
3098
301
4113
4655
2257
2715
1852
3095
3310
1931
3940
2252
4551
4950
3153
2072
516
1988
2219
1971
2801
2849
2803
1104
4434
4790
2304
51
66
410
2186
1331
3802
850
1001
762
3206
1365
2677
914
3283
283
718
4833
3626
2770
691
4010
3228
3793
3447
12
4783
2446
4949
3377
3137
1310
1865
1039
1315
2696
1554
4812
4222
3052
3876
4052
635
3659
4655
3013
904
1453
838
2468
998
3693
226
427
2750
3133
1768
3779
3049
2402
1546
3385
1535
3938
2540
1946
2469
1789
325
2301
4611
1996
1636
4744
4698
3918
1527
3657
1749
2060
75
1788
2728
3996
4394
1255
328
1039
1856
3701
2783
808
218
967
1057
4310
2671
1680
1552
2545
3488
89
1206
913
3550
4259
4288
4451
2213
1788
4557
2321
980
4897
2059
4834
3677
965
171
4745
3769
4719
1101
3525
2815
1511
1969
3065
3703
1778
2107
3376
2595
2039
4480
4376
1203
4934
725
3783
2625
2262
3497
3897
2566
2536
2914
4932
314
3734
1452
505
178
693
2024
17
4589
3528
4951
206
2740
2729
2545
4510
4977
1206
131
3891
925
2385
4657
2761
1436
496
451
3868
1209
2923
626
3423
1671
3955
3646
1469
2698
4626
4154
2828
3609
1591
3316
4958
4166
800
12
4999
1350
4855
1763
3339
409
1322
2415
4645
4883
4795
906
1497
54
2473
3221
3450
2520
1490
4129
3568
2202
355
3833
630
2833
1408
4448
97
2023
620
1447
3468
2895
2709
2404
54
148
4281
4868
2455
4734
316
4150
4320
1534
4377
262
3776
253
2147
3242
1929
2604
3680
4435
2870
118
1405
1313
2000
2846
2652
1966
3516
3681
2088
3229
2188
1223
633
4782
4269
2909
4458
752
3087
1641
556
3063
4031
2823
444
3643
47
3421
4482
1867
2972
3150
1301
1310
2102
4110
980
2015
4699
3584
164
473
1865
1009
3525
512
396
2700
3442
374
2963
3954
648
4730
448
3093
733
4145
4162
1412
4322
1230
4133
1207
2117
2782
1320
1681
1091
985
4044
4035
838
3398
3921
276
3773
1
2755
4067
47
1455
523
1744
1675
4751
1554
412
556
450
1329
2379
3120
4643
1261
3106
990
4648
3713
1807
1772
1156
208
3919
1558
4660
757
800
2172
4391
2023
151
4238
2953
347
1393
664
2708
2876
8
4134
4727
2582
1418
2452
732
766
3262
4757
1201
4349
4652
2120
2410
3513
1141
3886
3984
3475
191
1982
3032
3937
2268
4446
1054
4063
193
3429
3127
3188
843
2573
2094
731
3824
1736
4343
111
3042
4737
372
1473
2541
3909
3463
8
630
4153
1190
566
2196
4611
4427
223
3168
1173
4906
2115
265
427
4167
2584
2707
4465
343
4171
1570
2970
2524
2116
2900
4664
3557
4213
4382
3068
1470
2505
2956
2829
3631
2386
2532
1329
3202
3180
4056
4122
4480
2439
2337
1428
4799
3196
36
3510
3168
122
4332
1802
3986
2533
4091
3164
4571
1938
4073
3342
620
131
4368
2942
1734
1119
928
879
2276
3572
466
3642
4267
4286
2963
617
1888
3604
2016
1103
3554
1805
4714
4743
3843
4450
3659
2145
1475
2235
393
1284
4504
1461
3923
607
3150
3750
1911
4151
1977
4554
3245
1289
2061
3240
18
2959
2809
4060
4527
625
2555
42
4679
2640
4670
4005
3228
3815
535
2744
4352
132
970
3244
730
2975
3995
386
1994
1840
2305
1956
4847
250
4244
935
2656
655
3811
2296
4418
2452
4185
4447
344
1287
635
3272
43
4037
2963
3127
3253
3100
2906
2619
2347
537
1706
595
3667
1311
1076
1159
1770
127
4324
326
330
185
735
4974
4367
4544
3637
4742
2829
3563
3767
2989
119
1309
837
1744
3788
288
3469
3817
4380
4684
2562
1198
2915
1971
635
3995
3502
2496
1759
1207
4690
15
144
1193
1212
4530
3615
338
4755
1108
428
3686
3359
1774
2806
4133
3099
1506
3512
3658
2366
2672
483
3932
3926
3625
3277
4105
1571
3567
1835
2121
2255
2373
3730
1129
713
1482
941
3088
4063
2012
1226
4215
4352
4475
2911
1800
1367
4026
4991
2133
924
2600
4015
2672
2894
2170
1450
403
2253
4044
1808
3835
2379
4804
4508
4782
2081
3658
2595
554
726
2241
300
4361
1396
986
4955
960
4900
3595
3534
1222
2097
2796
2586
3842
9
977
1793
494
1076
3879
846
2811
4371
1876
2837
1147
2145
3427
4711
1428
1443
479
3510
4155
4620
3822
108
4866
3171
4926
2208
2364
3059
1675
1655
3763
606
3862
829
4646
3483
2578
2971
1271
2922
2485
277
4862
3438
2679
3123
2722
813
3159
4905
2320
1611
3061
4417
1194
839
1383
2523
4850
4071
1513
4702
2115
4778
1719
4910
214
356
2386
3407
1739
1835
3430
3994
1650
3904
3901
2460
1444
4800
4036
846
975
807
1107
4244
1679
825
4533
471
4977
1970
3562
3411
2071
1593
1052
2504
2103
1967
2953
2621
2642
4924
4689
3142
574
376
4752
3078
2299
3776
4563
3470
1682
1602
3248
141
1307
2004
3649
2219
3149
1643
232
2859
229
3029
1620
225
4072
4407
2215
2090
3752
1632
1610
3407
2274
1544
1304
3323
1923
709
1772
2011
2140
3554
3339
211
3065
4440
1218
3469
2542
1945
1134
2297
96
2206
941
4864
3564
3444
1578
2412
545
2302
1117
972
3144
3984
3689
3321
1038
3698
4413
4176
3679
3966
2895
1038
3765
1043
3745
1101
624
794
2343
3119
2860
4897
807
4059
3567
454
1409
4466
807
4140
3143
1125
72
2937
1078
3858
1067
953
4982
596
99
4178
102
2033
2315
3897
3480
1457
1691
329
3029
4916
4047
2203
2770
3622
4535
3270
433
998
1356
4383
3523
3967
2817
3643
4059
2854
655
1408
685
2837
3174
1637
2285
2724
2427
4492
3962
3072
1599
4423
1354
4193
4159
4434
3718
961
1179
741
1292
3530
570
546
602
12
432
782
495
1660
1849
2173
2150
3074
4451
4229
3252
3714
4525
4415
2817
1093
4201
3885
4009
3258
1465
1437
1186
3211
4553
3178
2977
651
2530
2943
4972
3977
3548
2382
2448
1240
684
2047
4350
2417
2774
4549
3594
3601
2679
2733
4854
1706
448
3316
312
2810
1374
2608
3678
3597
1222
4421
1580
1808
1498
3450
886
2886
3977
1963
181
2425
4890
3597
453
3771
634
384
495
666
520
4571
4174
1691
299
3225
4269
2036
809
4026
2189
4491
848
2896
4374
3955
1807
865
3398
2874
671
3820
4725
160
4470
588
1715
3691
1533
987
325
3861
1450
3063
3139
570
1272
28
2217
789
2734
4805
1970
1481
4063
361
2524
720
2065
2820
525
4655
4510
967
2860
1770
357
3355
2606
3517
4466
1390
1131
1716
3482
3851
2926
2510
2864
1584
4941
4298
4764
4415
4648
4650
506
3052
1474
3574
1593
780
327
648
2789
2820
4601
833
1157
2078
3265
2109
2087
4239
3725
586
4174
4602
4047
4479
3494
1950
2964
4741
3642
1430
4640
1576
1613
3014
4607
3845
4159
1811
4375
4750
915
4832
2872
2149
4444
3015
1369
240
3164
679
1816
2085
3829
2589
1919
4230
123
683
3070
3695
4931
2750
3107
357
3073
858
4843
2690
2084
1590
3965
4605
3513
3201
4372
3766
1452
3118
2174
4953
247
530
4849
874
2403
4551
926
4743
3851
3802
1521
961
4291
1325
4267
1425
41
2082
802
3062
4374
4485
4508
2826
2040
4194
2201
3937
430
1676
775
1929
1034
4202
1090
148
1648
3998
1920
1998
3151
187
1915
4807
4351
4945
3102
1144
4461
4503
4225
3314
3032
2149
3703
529
618
1707
657
1404
1615
1256
1052
4408
1134
1267
2956
3237
2582
4341
3013
1072
1374
3953
699
1432
2088
878
4447
626
1768
47
147
1577
2101
4570
443
4963
2327
448
4465
840
2110
3806
3085
1723
3537
4527
4307
2559
2862
1058
2137
4270
278
2981
595
3796
1141
3234
995
3540
3483
221
1091
2315
2318
3065
3299
1473
2589
4098
952
1269
1836
905
1016
741
1492
3915
2782
718
4637
3413
1619
4922
1660
4330
333
4339
3893
375
4292
4822
3147
670
234
2134
350
620
3383
2289
3620
4272
3378
4425
517
1694
3835
4106
3202
1628
4804
4841
4736
4579
3174
961
3291
3352
2699
169
3651
3376
1524
1464
436
4291
4738
1189
3011
4069
3479
3711
545
2776
161
749
490
3937
2608
4843
1558
4338
1635
631
3896
4230
4524
2746
1940
51
4581
697
139
3564
4986
1063
3629
2301
2783
196
1413
887
454
2899
3306
4417
2135
4124
3978
4761
31
185
2915
1426
721
43
141
4508
3543
937
2513
1213
2489
1601
1042
1538
1339
4638
4992
2662
4658
2817
2074
4224
4583
4902
2069
1193
3466
3540
4138
2862
3368
275
838
4432
1881
2453
1718
551
3634
4701
3312
718
3397
3603
2599
2529
4349
3616
3009
1193
4436
2917
663
3169
4113
411
3913
1003
4676
762
4724
1550
249
3770
4017
602
4223
4626
1417
4550
2344
1977
2545
2073
4305
2562
1671
1341
2925
4848
4856
2154
487
619
4820
3960
81
2704
2023
437
4600
1083
3958
2061
512
1810
3775
3799
1876
3029
4855
3936
967
3369
2684
2020
1700
3535
3643
98
957
4510
3706
248
3650
4654
1855
2673
4403
489
1446
2164
3958
3476
3561
2212
455
2911
42
3987
1245
2840
1987
4227
3858
1036
136
563
4835
4112
3100
2026
4091
4102
2960
3050
2308
3160
2290
3069
3401
2141
1967
971
4270
1803
3695
4169
401
4844
4346
1781
1519
2102
1596
3247
1804
2042
3115
563
8
2652
1977
2050
3044
4404
2334
3794
3056
1299
4395
3640
3711
37
4983
4198
3045
2459
179
4104
117
2983
3228
1044
4129
4999
3902
3337
426
2411
397
3136
3515
2447
4445
1717
2303
2972
4491
1017
256
2869
2914
1709
3724
1918
1524
2501
3669
3675
1079
1479
750
3548
2207
421
4268
874
1187
3445
4991
2275
2046
3360
1327
3006
2702
1195
2913
4554
53
2295
3571
2286
533
2774
4077
2697
4639
1815
2473
4788
2198
4659
3982
4207
4192
1710
4201
2966
4986
92
4088
181
721
3971
840
3237
3286
4227
2870
250
4182
3128
2409
1271
4056
1238
3695
104
3020
3071
185
4867
2539
151
2990
2481
3880
4563
474
869
4110
2988
4898
1742
63
3688
239
565
4132
4427
1526
3208
3798
3334
1556
2138
566
3887
1134
385
2966
4958
4849
2038
376
1821
1861
4782
3192
4484
1189
720
2731
283
2919
1939
2476
1210
2079
1921
1198
4945
1816
522
746
3488
295
1850
4920
974
4292
2901
3576
167
1654
4866
4131
2572
19
3770
1097
17
2856
1623
732
1367
1014
3149
1638
3107
4554
4077
4551
2211
4957
4821
2001
2634
3842
4442
1086
2601
4064
4644
1213
3002
1114
3792
4672
4131
2637
690
743
2963
400
3371
2178
1764
4617
888
1320
3675
2539
3187
4972
1488
2253
125
1006
2661
1835
4777
2348
4907
973
2388
3036
3434
3498
4855
1998
869
3658
4008
2744
1105
3509
2878
3514
512
458
422
1720
85
3172
4784
1992
4083
3034
1896
3768
27
1288
2924
4402
4203
608
4107
1239
3152
340
4391
1118
1235
4824
4170
2200
1181
1839
3048
4264
1074
2848
3937
2756
247
1024
3592
4567
1666
1147
4367
3893
4280
3465
1025
4249
503
4238
3911
4551
2055
2653
1275
1448
1432
1434
52
4454
2108
2144
4975
3739
1811
1310
4548
4336
1320
4924
1263
4897
3563
531
4289
1874
483
3501
4093
3175
615
3945
1810
3588
3449
280
328
2116
784
100
180
1597
2315
4050
2212
46
310
3982
4570
3661
4782
4606
705
3475
1779
2897
365
1645
1828
2958
3249
4198
2806
4207
1194
4324
2236
4288
1064
3127
4018
178
2890
3121
2803
2000
1646
525
1295
3828
1242
474
175
3141
2927
127
3336
1258
1052
2526
322
4896
3860
1403
4282
4003
3345
4188
580
2024
3213
4930
249
27
3549
1041
4279
4654
307
2402
4381
3563
501
783
1107
274
3851
1993
2071
339
2801
950
1867
1613
1585
2171
2436
2816
617
596
4996
1614
4232
2038
1079
2703
400
432
2416
3147
3243
3754
1730
2334
140
719
4843
728
927
4495
330
778
3551
4714
1522
4761
4828
56
3795
3906
3104
1318
3779
4919
4595
2341
4541
778
3740
4096
2662
1599
842
3733
1933
3536
4823
4630
1394
3245
4213
3304
269
4663
2765
476
2967
3647
2270
1905
3814
1192
1717
1642
1443
3867
3287
357
3966
3239
3094
2154
206
4281
1881
3238
42
4901
4782
1800
1720
2842
857
1314
326
4722
220
2942
86
3981
588
2755
4071
3179
2711
2525
4503
4333
1299
1874
1891
4007
4562
1879
3320
2569
940
2563
3335
3237
1066
653
1916
3044
2128
1255
4555
4227
2039
2504
2480
4785
1955
1391
2833
4834
4740
325
2887
4169
2219
593
649
2652
3909
108
2504
2900
1371
306
4985
4198
4078
2062
4707
71
4882
1456
3499
2732
3345
113
114
292
2275
2217
705
3332
798
2794
3904
2047
4657
4159
717
4168
4433
1025
669
2916
3978
2301
1100
3207
1824
2984
3090
2086
556
2127
3758
887
1896
4296
2206
2476
192
2984
4286
4255
272
719
3580
4171
1165
4962
4274
2264
2237
4204
4179
582
182
2060
4164
4994
1650
4900
3389
3937
1309
969
987
178
1341
3822
1632
1249
2349
3902
4513
4596
1758
4284
3595
4677
4562
2852
1273
207
1081
4580
2421
347
3615
12
279
3819
2586
1519
1796
1565
1352
597
570
435
3185
90
4004
2054
210
158
3261
1330
2386
4354
1074
4910
2618
3209
3837
471
2509
4215
3682
3509
1212
157
2073
2877
2626
3981
1947
3952
1506
4709
3286
4534
4774
1442
2223
3744
3964
2642
4653
184
2522
4629
2374
464
3775
4051
4329
4849
3014
1900
2338
2727
458
4876
730
2657
4229
2904
3841
3615
3432
1948
4101
4193
3597
2650
2967
4446
4892
977
1704
991
4962
3525
2184
2358
2457
2480
4879
4362
4936
3246
1946
3769
4603
4921
3191
2718
4410
1319
1053
1758
902
3566
2869
2088
2724
4662
3289
3905
383
4008
1471
3784
1347
4970
3692
3097
1198
108
4469
1647
3879
4717
1135
4079
3831
2234
2869
1543
2823
1700
4856
179
1228
270
348
457
4689
414
585
1731
4876
4297
108
4069
2321
3526
4811
3290
3407
2524
4284
4178
820
2962
4967
1488
2870
4994
3236
572
2835
3570
3328
3908
2498
735
3670
60
1650
3611
599
4036
51
4981
900
1198
1073
2571
3033
2867
3151
2769
293
498
4013
3983
99
2107
2164
3560
2243
3793
784
3695
122
1881
53
3766
276
212
2713
4018
2519
1383
453
2410
2652
23
1830
3614
4234
290
4118
136
2722
2157
320
4031
1329
4553
3300
3489
330
3863
2556
4705
2271
2853
3293
3549
2644
2202
1170
1616
4749
4041
1794
3095
2918
2674
4601
1837
2133
1165
2911
2082
1610
3362
661
4315
1026
3531
2884
3613
1934
4008
1207
1630
813
1856
568
2791
1936
349
3990
1268
4617
2881
4586
796
2813
683
1714
27
3972
3414
4189
2689
4961
2847
523
4798
3303
3511
4108
2331
3673
730
4715
2259
3456
3222
2035
1250
2119
3502
3333
2451
442
2655
3250
4728
3320
676
271
3929
468
4409
1318
4753
999
1823
295
1008
4442
895
2878
3274
3329
135
2383
3212
2858
3614
1125
4738
1263
1163
4614
1661
1830
531
683
4444
2721
4676
2335
4917
2136
2699
3180
1507
3793
3643
4144
44
4929
3620
2610
2675
1619
865
4555
2481
1189
2840
4309
268
2867
793
4285
3195
2593
912
2253
2452
2450
1184
4626
4127
3393
4477
2578
2182
356
1232
4430
2720
239
2547
2052
2864
3117
3966
1050
4785
4703
4052
1144
4162
4456
3354
4103
3474
883
575
3975
541
1041
300
124
1603
4657
322
3896
2730
4699
986
3499
2603
1581
1997
1333
3777
1881
3939
4646
2606
851
4939
3793
3593
4405
2728
2981
2778
2701
1087
4530
466
3395
3836
4150
122
1014
2973
4605
419
3321
427
4134
4303
995
35
3495
4926
3738
4960
1888
371
4668
2214
562
3623
1270
942
1067
1945
3762
4740
3934
3634
3653
4502
4519
2754
1798
1701
1205
3855
563
4150
4531
1636
3168
615
1161
897
1445
2025
477
2526
519
2047
2926
1738
3216
492
1722
1540
838
1388
3165
2988
2771
2277
4992
356
830
4497
4374
2787
3790
4692
3881
3843
4907
1728
1712
3926
1978
1550
3166
1438
4057
1382
4911
3008
2830
4557
2293
1533
3104
390
785
1527
3041
4185
4287
2
136
1432
3187
3859
1716
2894
3973
3514
2100
1367
4805
1877
2665
4757
1626
1005
3497
3902
1111
184
3282
3735
2965
867
169
2523
2548
2224
119
3429
1004
2884
2438
3296
440
252
3190
1419
4780
247
399
4788
2716
875
4838
4257
1729
2961
1933
3145
3981
1993
1533
3169
1092
1121
1542
2390
3249
556
4263
1579
2263
2048
2243
2301
2536
2188
615
1551
2299
1744
2996
681
2024
4651
3023
2582
4064
3597
4870
4043
1329
2475
1214
1486
2859
989
3123
3552
1735
4000
2478
3083
1003
993
1121
38
1494
1007
4722
4343
3619
2916
4327
2558
4748
4271
2785
3027
792
606
1919
620
3607
1507
1316
616
2328
1422
58
2381
3103
3751
2211
2934
1361
4794
3344
926
180
2756
1086
2525
4031
2934
2172
847
1474
3976
1369
1396
3668
3587
2838
1115
4707
2136
4993
1753
1922
243
4253
2038
4636
2258
2921
1582
984
3605
866
2533
2119
1329
4439
3423
2827
3281
4556
3989
96
1907
4163
4329
1559
1575
378
2630
1558
3552
3568
2606
4811
763
1391
4377
1785
4059
212
3408
3104
1838
1840
1106
1196
2602
1533
2986
1967
3785
145
550
2621
2327
4980
3170
2595
4466
2519
878
389
4720
1532
3000
3300
3461
541
2883
2934
4154
1249
14
3052
436
4297
2206
3911
4838
1025
2952
4508
4429
2014
2447
3558
5000
3300
4966
2414
2894
1062
241
3256
4478
599
2784
1973
3483
4889
4965
1762
4608
4228
4397
532
1996
3337
2787
4171
2039
1695
3702
753
1374
3572
4376
4813
4935
1907
132
311
2227
2516
2767
2627
2894
2486
2224
2828
901
4603
3191
1264
3011
4464
669
3329
1978
1088
2729
2327
4726
4718
4410
4787
2705
649
259
3078
1582
313
2614
4294
1977
903
1012
4853
2945
4467
1052
3286
505
2429
4021
4830
862
2422
913
1090
996
3746
3030
3846
482
2423
2890
2180
1845
3049
3192
3107
1336
1848
4804
256
2614
2111
2812
2720
3369
928
4142
4845
3371
240
642
3307
1507
899
1434
2643
1188
784
2925
3422
4424
59
2976
4184
355
39
843
1644
1780
2753
4003
1802
4712
4278
3996
1752
3395
1949
2815
3120
1932
166
3213
2744
3862
2544
2489
3563
4956
4117
350
4273
487
3002
1598
2117
2086
2265
4143
848
612
207
4100
617
2703
4779
4215
1315
3431
2017
1368
475
325
4350
1058
880
1466
2592
2680
3633
4489
74
649
3822
488
4097
212
953
1303
2357
521
2015
3206
2166
3470
2425
360
426
4747
802
1036
136
40
156
3677
4938
3261
982
4029
539
483
4817
2003
231
159
1400
1160
2524
2421
4266
4013
2695
3778
3335
4190
4500
1188
3091
4371
2276
928
3173
2840
4829
3537
3760
415
2599
204
1981
3234
1920
2895
170
2776
4583
1361
954
2115
1081
3817
2038
1082
3715
774
2213
911
2162
3458
3853
4144
1490
3374
1051
1523
2673
4928
3358
1156
4105
2593
3721
1684
1627
4255
3714
2147
701
1318
2951
615
4668
4655
1009
1845
1070
4471
2861
3758
549
343
331
702
4908
3248
1310
1904
634
2645
5
3934
4147
105
1764
1693
1004
2492
661
2573
3000
3029
2855
3152
992
2023
3298
1257
3857
1333
4633
277
3437
3679
2143
1485
3146
4366
419
2866
1311
4162
3117
4314
1554
3313
187
3916
42
3306
2808
968
4601
2640
3185
4415
1262
2298
3620
3341
4756
4708
331
47
2114
1027
2664
2187
252
480
1051
3429
2841
543
4312
3826
1991
4956
4100