1649
7406
1926
790
7177
3296
1443
114
3138
5174
4454
1681
6807
4357
5875
1530
6204
1308
661
6132
5470
5699
476
3494
4630
4082
4828
3138
792
4496
4975
1680
7248
2486
1900
843
6046
2817
3365
793
5312
6344
3889
4639
1478
993
808
5386
1997
6608
1293
5646
2143
2714
5869
488
4256
524
3084
2904
2890
3293
2636
7385
2308
2668
7047
2301
2461
272
1108
3630
167
621
6006
588
4092
179
5057
4481
682
2902
2484
4023
6753
5352
4895
2595
2772
5609
1973
5777
1504
1751
1531
5221
189
2218
4342
3633
6844
3608
6243
3814
257
1614
6588
1500
3069
4395
4893
2472
4405
2984
1262
4829
2956
5883
3234
3259
4082
3453
7043
3063
6001
6307
1695
2597
2565
5483
1687
1824
2495
4943
3374
4358
7197
7275
3460
3464
4448
2169
6015
6522
5487
200
6852
5776
1576
5282
483
4947
5036
2929
5669
826
1377
3402
3718
3976
2714
4893
4414
2739
6027
6257
3685
9
873
2610
7229
6940
7158
1934
2995
3397
5783
5761
1296
6475
816
5588
6167
6648
5893
2646
2701
3221
4658
3586
1724
515
27
5587
5947
4736
6706
6355
1412
3241
6566
7199
553
3851
6399
2964
3393
5886
5949
4724
4853
2585
5207
4383
7459
5256
2381
2230
6849
3480
7333
4437
2439
2747
956
6789
6813
5247
2061
236
3864
4121
7258
4824
1955
7302
6276
2129
2880
5961
503
5088
5581
6139
7205
2918
7427
6334
3699
1480
1594
6250
5540
5594
5561
1274
5341
2712
3176
4036
2890
5368
2041
7200
2672
6720
784
5616
1393
6302
4118
6577
6742
6053
6081
4437
2443
174
4844
5284
2417
839
2648
5471
4405
2452
3684
360
5448
3590
3461
7075
1209
419
2455
3142
1262
6100
2499
7217
1371
3702
7177
2209
4248
5909
76
7384
701
7015
6685
23
4629
4481
2706
1523
6765
525
554
3538
7067
5083
3874
4034
4882
3746
7016
5994
2812
3725
3171
5510
7104
6739
1915
1826
2956
4938
1084
773
4162
2151
4420
5043
1054
2838
4865
2887
5791
2212
5466
3633
2904
178
6800
7221
1634
3324
995
5150
7430
7320
132
4538
2594
3392
6052
1551
7098
1347
2800
3407
5751
3075
3792
370
7478
2164
1086
1228
7103
3440
725
6319
4787
6059
4766
2997
6895
1649
6772
7493
6108
3724
7016
6852
6437
2404
531
2728
7181
5827
2652
7172
1187
2171
2227
2506
7355
2387
4746
2546
6164
2366
2724
4107
3474
4238
5167
277
1153
5568
1709
2213
4987
3523
4522
1201
1414
6250
1877
4280
5295
331
6628
4087
3316
5291
6029
4880
3454
1657
3146
5486
926
4125
5756
4030
3609
4917
4436
4472
4966
4980
3916
6143
4340
3393
5394
4312
4760
2004
6904
5175
5318
6122
2617
3589
4375
3293
3498
3793
2066
2971
5908
2578
4493
3139
3874
6064
814
269
4092
7482
2946
1135
410
2968
2495
1402
7466
2971
2578
4272
5887
6983
5059
4594
5582
3418
4182
331
3360
4816
3118
2494
615
6952
2254
1378
438
5953
5395
7419
1220
2835
6955
5544
6039
6447
4233
4428
4512
3789
1645
2640
7103
5333
533
3334
3644
7260
7372
7151
2978
1564
3935
5014
5684
6611
3160
3205
1843
6416
5297
2875
4933
6467
2044
5588
2139
5524
190
29
5111
316
6470
2278
3694
6834
590
7112
831
2151
5015
91
6997
5234
2822
6391
815
6706
5381
7225
4533
2792
4814
3017
4890
3905
3310
1582
1078
5555
3732
3206
3880
2112
300
3831
4884
6894
1319
4826
6530
5281
1759
1238
7353
795
3494
579
5817
1829
5292
869
5545
1618
540
6111
6401
1856
5798
3675
3048
7114
6043
4689
6305
7293
306
598
4041
1981
1579
3306
846
2277
5460
2985
765
5376
2336
2210
5757
6199
6572
6021
5826
5771
2514
6106
3462
528
4601
2033
27
7443
5729
4958
4727
3148
3007
3752
2609
5487
3553
250
2118
7173
1405
7310
4946
2942
2575
2180
4383
4112
5643
7181
6655
7203
3705
3175
1676
424
6507
4539
5361
5376
3448
467
615
6500
5036
3369
4835
3664
7122
2876
2801
6238
7027
6525
3809
2641
4140
1969
3640
6318
5187
3467
6323
3644
223
6564
2522
2361
4603
1184
3186
1118
2706
5574
4764
7091
5593
5896
84
4552
4758
2036
7372
5477
411
3150
3597
6734
6855
5057
3024
5840
4766
2341
4085
2262
4239
2535
5402
324
5405
4428
6378
238
4987
3373
991
4672
5496
1744
2149
2392
4245
3116
2564
7487
4364
3781
1011
3259
4486
98
335
2883
3736
1129
4619
4859
84
1186
1335
5895
3526
4035
2155
1957
2680
4790
59
2378
2744
5221
2430
2180
6939
2673
391
6141
3433
3433
1211
926
3711
5235
4022
2885
2678
3075
3513
1437
6290
975
4993
1777
4611
3526
650
4369
5730
2766
1357
3006
6040
6625
6754
6975
3446
5120
3215
5989
4352
394
2789
6470
5937
3854
3559
4988
594
5055
2251
931
3307
4432
3715
327
2016
795
5006
259
337
6396
2884
1619
4313
6010
113
6836
2942
7402
6439
2013
1003
7384
2510
562
4448
7025
6098
1761
3090
6311
2621
5508
95
1084
4115
6571
5201
2272
3643
254
3542
3669
6767
3979
434
5536
4632
2537
1181
4077
3387
5472
3760
1958
6112
5303
7350
1752
1853
3378
399
2407
3046
7057
3291
691
990
1516
3350
2223
4057
3372
2185
7176
5245
5550
3186
2247
4268
2673
3336
3742
7025
4655
434
5771
4542
1556
2252
6143
5994
6759
3873
1894
2073
4215
841
2240
6316
530
1901
5241
922
224
3259
2764
5733
4452
2963
4354
2340
5079
2704
2770
6672
6377
7132
595
6964
1455
6949
5623
3634
5605
3766
3031
4832
6201
264
7093
1477
3854
3381
2287
1844
5237
7163
5876
2429
310
1454
2423
5938
4440
1638
4050
273
5519
129
386
6987
4676
3812
6522
223
4556
6657
1833
5217
2904
4942
764
1486
4690
7197
5001
2850
4148
4144
7155
1685
1305
5021
3623
4320
481
6420
3208
2624
5329
3712
1261
1418
4987
6261
3823
7332
3234
317
5700
1432
3221
2431
3890
3318
1672
444
1743
2490
7158
6608
2231
6294
3465
2534
2336
6848
4667
4518
2256
1266
2067
2382
1247
142
978
480
4644
6820
5969
1876
6118
34
4312
4471
1569
1117
3319
254
5286
4021
6125
3957
678
1519
3753
2892
356
4998
6125
1568
5815
1230
5702
3902
2461
6948
723
5343
7166
1689
4508
3656
1185
6570
3537
4507
3957
980
668
1965
5758
5114
954
4145
4465
2929
5515
6654
2539
2993
1757
4447
5571
6163
6497
2266
7340
3672
747
2861
3593
4659
3619
5012
4816
2158
125
207
7221
5527
1609
6342
3628
4535
1711
4283
5261
2200
3593
3306
1530
7374
1856
1155
288
4868
3071
499
1392
2451
6946
7175
4754
4215
2290
294
2792
1455
3713
6058
2069
2208
7035
4127
3533
6789
5759
2423
5147
100
246
6625
5475
878
793
5586
3471
3511
3900
7417
968
1154
814
1681
2145
2805
2668
2954
5466
238
1997
155
2411
7200
2340
7303
1791
401
6983
3586
1162
1100
7012
5154
2331
1208
1843
4271
121
6186
1521
71
968
4624
4483
4817
312
2916
2703
5637
5209
6289
3502
4649
3299
942
5249
4662
7109
1589
6610
1568
1777
861
1673
642
6612
1511
4912
548
3647
4460
6232
3568
4363
7463
7288
5589
3929
2504
591
120
6302
1531
2457
3774
3428
1137
98
6955
3654
1888
4945
3456
229
5339
2821
6843
3274
6942
2809
5873
7439
1311
5597
679
2117
6726
6769
1450
4672
108
3986
2466
3152
3534
1198
3566
5758
1107
352
6673
4827
7143
6315
4221
5872
353
549
2507
3006
5642
6871
4986
748
1535
43
5350
3483
4604
3080
2012
4087
2314
4179
1215
1324
3389
2464
6885
6790
6452
3197
7169
6940
6266
6461
4190
86
2477
789
4851
5365
6831
1873
6317
2405
2011
6178
4845
6329
862
4156
832
4212
167
6538
3200
200
2476
3434
4518
2749
3989
3225
429
4534
3178
6637
7359
3447
4813
4215
3990
3808
1442
2021
6255
1012
5440
6700
1608
1773
4608
2660
2117
5299
7119
3173
410
3010
5600
5855
5876
6296
3724
6997
7376
812
2991
941
6855
5119
2950
4496
586
793
1970
1277
4763
5879
6383
1714
4086
6008
2691
4621
2366
2645
1026
2365
5840
6427
580
965
940
2235
2360
1932
2566
2131
3942
5931
6396
6413
1218
6029
7287
233
2932
2829
79
2329
5618
1397
3092
4992
104
1961
4919
3813
962
6220
1748
1838
2465
7446
5062
1160
2400
6963
54
6940
7416
932
6828
3305
2750
49
870
2539
46
2794
973
2900
4840
3928
1977
7004
2264
3574
5726
6655
3303
3791
7160
7193
3433
972
4015
2369
5224
986
2083
6734
296
1298
1866
6272
346
7113
274
1917
3371
5615
4116
4697
3525
2424
5091
3157
5553
4273
4366
5042
559
4444
5362
1324
1957
1661
980
2912
5894
2086
4730
7341
5301
2766
4996
6415
7338
3415
583
345
2042
717
6108
302
1707
615
6739
7411
6114
7348
1634
4249
3750
4757
7389
3736
6297
3665
5219
3173
6270
5399
1435
7152
2609
5149
6671
4321
2974
7170
2724
1
5871
467
1075
6295
7275
2837
7215
6891
3061
6845
526
2925
3681
2276
5225
3569
4426
838
1291
5843
5776
4549
5434
1460
5898
889
2514
2789
4864
4677
72
6851
3663
5244
1534
5304
294
2445
4533
6720
1247
1561
4479
6087
1296
5596
2152
4682
210
4505
5814
7477
4555
6470
7112
2781
6416
2880
957
5162
1510
1607
858
6470
4901
6386
6783
180
7232
6951
2543
5354
2189
4598
3036
1887
6
940
2369
4594
6465
2881
6251
740
6244
2736
4441
5011
5235
3812
846
1581
4020
521
4408
4769
1957
311
499
2627
1587
2838
6618
3379
7109
4971
2768
436
2569
5278
6195
70
1095
722
1865
585
5255
1431
498
4224
4177
1864
1003
3748
6199
3879
1161
479
59
5154
5652
3857
7347
2202
4393
2007
3809
5654
2227
6526
1952
6201
2005
1524
1328
3582
5946
3796
5831
4356
4708
1327
3055
7284
1486
2730
2153
2709
3424
4319
348
311
1305
4626
5592
3310
1388
2857
1320
319
1496
1544
2647
5543
3793
5839
5007
3381
1524
6506
182
7024
7264
6120
6190
3438
3288
3990
5001
3775
2629
419
3255
32
1256
7102
7172
6392
2653
4728
3137
2995
5978
6319
2530
3811
1888
6463
2061
5196
7310
198
1210
6460
4573
418
6180
78
6859
1917
5592
5100
6645
5325
6059
5041
2692
668
5649
7169
2097
5475
3976
3770
5242
503
3510
724
6102
5950
872
3477
1603
3347
7213
5132
3345
5548
1942
1881
6039
1654
3310
5607
3042
452
3852
909
4876
2550
3563
5834
2909
3001
6056
5792
699
4899
2637
195
727
741
5190
4337
1776
1265
2330
6342
361
188
5148
5607
1946
1490
2345
2561
5201
6804
5056
4739
6711
3500
1467
4404
6623
3514
6308
1372
4357
1439
2838
2923
1546
1092
6200
1276
5789
330
2700
5099
869
7274
3362
5602
5671
5576
1850
7172
6
3220
6762
6153
4778
5705
5720
1146
2271
6790
5128
1266
1398
727
5719
3409
6783
5763
4195
659
6971
2633
4551
5831
7195
7499
7045
7332
6760
1249
2854
6991
2234
1042
2780
2603
5116
2711
6747
4342
4341
5723
1451
4746
3753
3712
3969
6383
3082
378
4975
5628
7474
6521
732
2532
4462
2487
2840
1404
3346
3214
6758
6271
1556
7294
1864
1914
2915
4904
667
3629
3959
62
5574
617
1160
4067
4341
6195
2435
5224
4226
5781
1251
5667
2496
3262
2065
5437
3868
4236
6812
5657
3398
1157
2772
5505
3407
1261
3306
2685
587
835
5839
948
5944
5832
3611
4302
381
102
5087
7203
2086
4238
2050
1610
5856
3959
1951
551
4281
3843
5433
6091
5161
3316
7274
2812
186
1906
2967
6714
6319
4925
1593
6946
1956
5829
5524
4817
5551
1538
4803
2067
1796
661
2814
712
2913
3448
4447
4569
2236
3916
5729
2755
4633
7146
5836
4802
3490
5833
2708
4951
2753
1165
4547
2446
1278
2504
1916
1444
3912
1676
4057
235
847
2366
5082
95
2631
1891
6645
3456
2752
3319
2567
1213
7226
5922
6690
6959
6553
5573
6047
4274
1548
561
3058
5450
3717
3976
229
1281
2698
3247
7151
1737
4781
6456
1417
2358
4442
5680
5463
3433
328
6844
2994
4607
4652
1588
1547
2986
6348
1776
6450
5758
583
5506
524
7341
7010
1266
5537
5138
3227
5146
3431
3544
6003
1002
1395
2159
372
5060
2669
4206
2688
1492
6072
726
4622
2929
3935
2608
5405
1567
4504
1243
1449
3043
5392
4929
5382
2725
3200
5105
4533
5303
4840
1162
2429
7449
7412
6691
970
446
7408
4199
6720
4615
5418
7399
4416
5229
3827
3156
5932
3201
5001
4429
873
2968
1782
936
6513
5241
2267
2499
6412
2033
350
3436
6761
5376
6555
2889
3711
3719
626
1624
6805
3948
95
7431
3501
3321
3991
7176
6520
5173
4893
4848
1187
6864
7414
4721
2519
5303
1014
7197
7078
1890
520
3133
1637
1516
4658
3792
5047
6807
325
1166
319
612
6512
5659
1811
3161
432
7260
6100
317
5559
5633
2020
4297
6198
3102
128
661
1559
6452
1328
6003
4501
4749
5255
226
4302
5174
3664
1621
3940
398
1516
1226
6021
253
2192
2756
2484
2136
5605
3108
4525
4014
889
6969
6226
1831
2190
5810
7384
3650
5689
5577
3697
6853
2800
6206
3483
611
6902
7365
2478
5860
6487
4970
3340
3501
6174
5885
2660
7418
2153
2857
4469
116
2238
201
6705
5430
7382
4534
5427
6659
4124
2676
3742
538
1101
5042
6242
3982
1512
4905
3198
796
5594
7478
1281
5182
4360
6316
5668
2502
4137
771
5036
165
4181
3509
6004
1314
4925
2569
696
931
3182
5922
4293
3842
5037
4176
7381
4362
4536
2554
5188
489
2042
5547
3308
6352
3190
7430
4115
3697
3983
6184
6910
6718
3599
4350
6037
1753
4804
6500
1544
5020
4728
3273
6328
5066
648
2698
6191
1755
4933
2949
6610
831
2197
3258
2676
455
6699
588
2010
830
2048
3964
3139
7000
4195
4851
5157
3498
2805
1214
6037
6016
775
1073
3206
6378
2347
560
3210
2472
5819
5008
4124
2573
1319
1755
162
6991
5773
2459
1652
2792
2542
4883
554
815
821
794
6221
1672
4868
4000
2393
4286
1157
1197
6459
2654
241
4121
869
2221
3042
2565
366
124
5980
991
773
141
7389
2787
5892
662
3741
47
7252
4545
1708
2163
5429
1020
3419
1969
3024
6619
2249
5252
4037
9
6561
1276
2383
4179
6038
5589
4238
5886
3550
7316
4755
4886
5976
1421
2467
592
2473
4027
5485
5109
5708
2012
1384
4999
813
4890
1635
128
3374
4044
5734
5662
6501
5111
673
5621
1018
181
1379
7283
4655
6680
7154
2058
1269
6621
6401
979
1919
2252
5315
4480
4670
2580
341
5523
5482
5709
6041
7294
3112
68
1645
4927
5479
5634
6400
4207
2911
5074
4397
2390
6660
5520
3580
5399
2319
1174
1903
948
6067
4725
450
7225
5284
5793
1374
3150
6055
908
2509
5393
4590
1168
4709
7109
2312
6665
4173
6157
5090
4325
6761
3565
7044
4227
1392
1282
2500
1638
2080
3990
2960
6546
5144
3144
4247
876
1311
4059
3240
1113
4572
2377
731
2481
2573
3865
4869
237
6272
7193
115
263
5143
5646
3564
4643
7175
3957
7393
652
3065
1640
7274
2445
558
4486
2761
1320
1518
210
2704
5037
1621
6239
492
214
163
2762
3555
5067
6327
3496
555
6932
1556
3526
6853
4974
129
1327
26
6728
4453
4735
1913
3883
4387
4371
6854
1791
5255
973
3692
3489
4279
231
7322
7142
2766
6194
1547
2496
3612
1410
6583
5908
449
6799
4352
3348
6049
4436
4431
7080
3542
4784
4608
3872
1318
2281
2246
1863
1469
6532
7123
4039
1840
6079
3764
503
5019
698
2732
2689
7218
1388
6308
6448
1779
6902
6515
3581
5210
6164
6321
2551
7373
1008
2956
4578
5626
3227
6153
3952
2525
3406
1614
3351
2741
5470
4168
7440
2763
3463
4430
3746
2748
6349
5748
845
261
4312
4024
6683
4648
176
1177
6301
2691
5359
5384
1372
3313
4886
6012
6525
1793
2220
3306
4244
3651
7204
2996
5461
4650
5686
4099
6414
4208
282
6225
780
3272
2681
6806
1753
321
3018
3663
3648
4975
3552
3352
2036
5089
2522
5786
7068
4446
5758
5354
809
6550
5585
1991
4703
5053
4906
2830
1256
799
5022
2766
3818
3543
2178
2939
2548
5778
811
511
4661
5339
3754
3343
4627
5203
5417
5720
5613
722
3091
6515
6845
2944
3660
5518
741
1970
3818
3623
3566
2722
7288
4511
275
4768
4810
6354
7090
7423
1835
6138
5107
1959
537
2620
5355
5693
4333
1927
1915
4097
3715
7424
4501
6375
391
4230
6596
3773
7119
5889
1932
6474
117
1839
575
1719
1178
5470
6293
5363
1543
2757
4638
7079
2679
7362
6114
5636
1301
177
5674
5451
4810
692
4144
3772
2630
6781
2664
6204
573
7402
7345
2570
5474
7031
6136
5073
6001
1566
1753
5822
481
758
3742
1336
4905
6368
4053
5257
3575
1323
6068
7270
4856
4481
2977
2265
3763
618
5457
5430
5006
4882
5692
5307
366
6523
6627
4458
2846
4898
1124
1329
3143
1298
5926
2298
3974
790
2200
5298
7
2084
3685
687
5162
3134
4894
7202
2640
7178
3029
1941
5357
1846
966
4614
4907
4186
3921
5467
6060
1178
6017
2683
3825
5943
86
5126
1251
5934
5587
3792
2046
6170
6036
4864
7387
5465
2576
7000
2077
2543
156
914
3472
3286
7430
1972
5032
2263
520
2324
1509
3120
4947
399
3094
357
543
6445
4542
5374
6038
154
1345
3652
1459
6401
4934
4065
4386
7282
2313
763
5956
4862
4709
6422
3605
5584
7126
4420
5362
40
2024
1015
5035
5671
6880
4388
3193
1931
5688
4498
2503
7428
5132
1357
4961
2223
4509
2429
1374
2687
2034
1550
3690
1691
1398
6383
6805
5237
3663
6271
5250
4363
402
3392
3520
4336
3744
6583
5138
5185
6147
4324
365
4985
2650
1637
3888
4184
4097
3214
4756
263
7339
5316
4224
6526
906
3844
7110
322
260
995
2106
5188
3914
2002
3832
2012
4530
7489
2043
1496
5601
4583
4714
3330
6420
2277
5013
4719
7281
4140
5623
3693
7056
827
2959
3979
7175
1178
5628
6032
4975
5499
2044
7232
6665
1494
4563
148
431
5556
443
1570
6448
1490
6807
1246
2800
7126
4354
5710
656
5085
3065
2570
4807
1053
700
1922
2267
5235
5588
3303
4591
5061
5519
4168
4589
2081
7022
3970
6793
6147
6382
7288
823
3012
2028
6164
2026
4284
3655
4910
1784
7154
5903
6596
5617
4644
3289
2168
4778
125
5352
5723
6107
2132
1494
3804
6578
1972
5445
7288
1702
743
3723
5572
1094
5714
2928
2327
4242
7242
3491
6456
4533
5826
7088
6257
3887
977
3537
6988
5146
3239
7207
6426
7030
1695
2104
5880
6716
3086
849
2669
5121
1483
4114
3691
3110
6166
804
1686
5579
4593
4652
5824
1707
7128
5070
1113
4480
3743
4863
5583
3019
2471
2130
2138
7082
1114
5215
3765
6049
2133
4232
2143
6410
2432
2
2340
5716
6792
7456
5854
6123
5217
6854
6856
1176
546
7091
777
4324
5840
271
1157
6007
85
3546
6613
5914
5435
7361
6097
2558
6395
2802
112
4240
94
2936
482
3973
5108
2719
6876
1864
6029
680
7272
3259
1787
4597
3010
1182
4770
7351
6088
4804
2620
3789
3245
5394
1991
2332
59
2647
3967
6149
1792
688
657
3250
5140
2014
1491
606
1461
1258
4914
739
1355
3019
1127
2525
4061
1061
2658
4226
2247
3250
5120
2330
5454
6345
2014
1619
6035
5376
5330
3976
2440
3120
7451
2532
6720
7203
4532
4710
5250
5542
837
764
7038
1356
4923
1280
6191
305
1534
1679
1884
5020
1162
683
7071
4812
4043
2172
5460
7428
867
4614
3528
6698
3351
2798
2111
3887
1539
2873
3551
983
5061
5659
2379
174
7191
904
5271
956
5721
553
2817
4815
4449
7315
3652
2031
3917
2086
5480
6142
4113
7280
1765
2202
6994
4847
134
4763
2561
6525
4134
4678
6860
4924
2196
134
6312
772
3779
6638
468
7199
4256
6022
5501
7137
363
295
1385
1124
3812
6005
41
7340
3494
3560
4067
4057
3403
6505
3764
6513
492
1385
4060
6390
3820
673
4418
6812
1012
4414
6684
4673
5106
3315
6376
6349
3396
6965
4727
6515
5920
1451
1881
5051
6529
6653
1896
4854
2662
5397
3437
5093
767
7212
2470
5974
6324
6979
6252
3150
3530
5076
1876
4025
1273
5738
5345
5532
1886
7328
4451
1515
1633
947
3333
1457
5464
1966
2964
1336
6026
167
2490
7174
7180
1220
1475
2981
2434
7136
3876
2356
4285
578
2902
6309
5404
5946
2304
4830
3598
5103
5130
3508
4117
2029
3809
3525
381
5288
363
3259
7156
2692
6082
2024
1546
7358
505
2277
7057
6297
7344
2151
5431
7179
5022
3604
4195
3562
5862
2165
3693
80
6805
2026
4584
1654
2600
4950
4804
62
1396
7148
5872
2277
6772
3659
1925
5480
1668
197
2772
606
5211
5901
6311
622
4689
2777
6082
3799
2408
2227
4846
5914
7400
5917
4338
833
824
2363
1154
778
3828
1199
137
3877
6615
7422
7479
1733
2754
240
2122
5665
2475
295
2219
456
2634
69
7259
5881
3891
1773
5445
1260
3878
5382
624
6687
1767
4575
6765
6418
3730
4934
126
2071
125
1454
6932
5413
3487
4690
5292
7370
4914
4954
6957
5879
1541
2451
1424
5617
3482
4822
3619
841
3225
5259
206
2606
1718
5823
3177
1400
1816
6178
5986
2115
2961
2527
1472
6328
5149
2055
2550
3692
2010
6919
2296
4792
4279
1053
915
807
2940
7250
7093
4128
2220
155
4311
6064
4784
1461
3732
2069
3871
2928
7169
2493
3798
622
5142
5983
87
6468
2718
4890
128
7253
2465
5338
6406
7292
2278
365
2813
3881
4967
5739
4516
3296
5487
6372
2503
1276
6316
1026
5912
6107
5550
38
2571
4189
3804
5934
4810
2388
6786
1931
6807
2581
396
5512
6231
4766
6275
6500
3117
2035
4557
900
6412
4773
974
1040
194
1891
2088
3209
6392
5611
7024
3183
7489
4979
824
2984
466
736
4509
1644
1774
317
3374
1902
1810
5575
3871
2452
1064
1560
6831
4714
108
1375
3271
5056
6837
4490
6715
322
3381
6209
6278
2359
1384
1198
4195
3591
2207
7437
6244
2809
2625
1159
786
628
7198
1001
1409
3303
933
6347
4540
4066
4217
1257
2247
6841
5968
1155
4406
5465
4690
6059
3188
3348
4421
2393
5262
4115
2260
4196
1866
6498
700
1662
6068
2881
803
3393
4126
3742
3053
76
4052
1257
4455
796
3853
2530
6655
2446
2111
1629
1329
1616
1085
4133
2332
6395
908
1923
3571
7479
1344
4948
3860
3279
5189
2050
7126
1336
6890
4241
222
2920
5162
7036
5117
4818
4729
3661
4822
3744
6831
5589
4365
1409
1868
280
4114
994
3167
909
4222
2193
5334
1677
5111
1512
7164
324
4429
5996
4387
6780
1028
1420
5098
3987
4008
172
2250
5591
1974
2535
2467
3965
6492
1241
2600
247
696
6726
3325
3224
4690
4891
139
5427
3945
1627
4747
1841
1096
7391
2761
4900
1138
1889
4767
3544
2765
229
7202
689
6260
2123
4021
6913
6068
613
4879
2745
2750
4548
5108
4635
5805
1468
7489
2965
6939
5856
1873
2917
5283
2519
1776
4576
3472
3114
4109
257
1659
6069
5763
1219
4911
4299
2000
6719
1904
2599
1809
365
2842
2979
1531
3406
2233
2516
4713
707
178
2412
2229
5458
6582
207
5901
1671
543
6282
5834
6207
4236
5423
5918
5889
7340
4486
1532
767
1108
4786
4085
724
1433
1855
7056
1347
4150
7401
6063
7172
6739
2015
3361
2193
5880
3111
2710
2120
2451
344
4308
6261
3372
3476
6625
3850
5035
7316
6136
7466
1297
6603
6236
19
3015
3320
4050
3087
3282
6794
5482
1542
5733
990
6040
5815
1970
7140
4149
1042
3256
1827
4240
175
1183
220
2753
5345
6701
4379
4982
5980
2721
2293
3336
6094
5943
3594
4411
5232
286
1759
5161
1161
7012
4207
3102
1040
2648
2661
5956
52
714
5734
5129
6674
4275
5785
1610
4676
3584
3327
6632
575
2696
6256
1356
2358
2791
7016
5370
1033
3670
3876
6413
952
5978
4498
7453
5519
5622
4565
987
5824
3266
1522
2758
6091
161
7403
3531
6182
1357
1487
3897
1251
2107
3714
4101
3786
189
6515
3152
2782
4098
2699
6018
6636
3666
1387
5284
3678
436
6033
5881
742
1464
3360
2693
6349
5265
4432
2548
4228
3795
3506
2055
808
7082
4487
1019
2301
6823
6324
276
1704
4434
4728
682
2373
6688
6048
967
3010
2251
139
6893
4904
7091
2097
1620
1879
4812
238
4028
2010
3819
7078
1824
4144
4529
1354
6942
1258
6611
5384
1767
6141
3798
3547
513
5093
3177
913
1397
4112
5421
2686
2270
154
5272
7473
941
242
4672
564
815
3639
7347
2860
6968
7151
1331
544
2760
1795
7311
5845
298
1789
1775
2892
6791
6069
5430
4152
388
976
6031
2904
4036
2494
4314
4007
6208
4789
1701
5975
5861
147
3382
2004
1539
3026
3107
511
284
6245
2803
1628
2537
2873
2095
2332
4897
204
6396
2858
2143
7105
6777
5642
5012
4756
5178
7122
2723
4272
1575
6559
4903
5625
4443
1154
3530
3525
4273
637
3481
7167
3008
1668
2442
4647
6268
7113
6402
1823
1658
7292
3721
4507
2462
6262
4985
5231
357
1025
2196
1658
2082
1306
6581
4057
744
1846
130
1448
3965
5586
7451
4901
88
5625
5977
3677
3056
5069
1331
4314
6638
3216
1610
345
1532
2542
2039
1661
228
4393
5278
3970
2437
6069
6593
568
7003
5667
1092
1312
2828
5152
4048
5797
7175
2689
4997
4843
6485
3837
5307
3219
1214
2950
6485
5263
1873
2536
2475
5151
3943
1596
5785
636
4584
5833
3815
4315
1474
3517
794
6555
4481
1478
6347
7239
2839
3593
169
3071
6047
1230
5949
1019
7222
2114
4670
2389
518
6505
6530
4425
65
500
3261
1928
4146
543
2976
6844
5779
6208
4962
2075
911
2035
892
4846
918
3812
7187
1581
4448
6168
7381
6406
4391
1365
6389
2844
994
6779
4090
5640
904
519
1951
3500
1075
4433
5996
2393
567
6187
2229
3905
85
5884
6904
5507
2929
2095
4124
5481
4938
1106
5532
2124
2368
2491
6034
1851
1530
3328
4579
6787
2529
1320
1880
2839
2458
2913
4879
4509
6228
3409
7160
1799
1996
4683
6520
2387
5652
994
5940
4152
1045
902
3430
3892
20
4104
3510
7219
3428
3114
1201
7281
2473
5490
6478
6016
6412
664
3003
6149
6338
6948
128
5043
7397
5518
4444
72
650
951
6707
5520
6497
5380
6414
6376
1404
181
2048
7143
3832
4902
5794
5010
1211
4751
4887
6285
7337
5955
4983
5598
774
2474
5334
6666
1992
6331
6566
6784
3019
5805
6663
3518
4552
635
309
7138
5693
3273
1985
3440
5598
4668
4787
1570
3566
2514
4253
5201
6103
2319
4114
3246
913
7405
701
2257
1335
2704
2394
6585
3364
4246
1655
1960
6959
3015
6384
6774
842
3677
34
418
3486
5278
5569
428
6859
1444
4461
1489
7173
2475
5114
3366
4071
5383
7229
2738
4831
16
1773
2471
1989
1001
2749
2846
5224
1328
6450
5944
3259
5065
5382
1324
3457
2895
100
4363
2375
3620
6260
616
273
4280
7273
5919
4594
1041
908
655
6655
4602
600
2188
4825
511
7427
4837
6129
1157
4987
4000
649
5485
5661
5047
74
5919
5293
4629
4874
4087
1524
798
5950
1923
5475
4156
174
7291
2791
7487
1764
2064
3231
5778
2100
1219
1671
2554
2892
2002
6215
2226
6744
5752
1597
274
1788
3440
7324
231
1848
3873
6790
4462
4268
6578
4
2903
4912
4712
204
3916
1404
3966
5189
2335
5357
4423
5785
6804
1605
5369
3306
4405
4093
3096
4387
2247
2053
63
4935
6029
5945
951
6482
1640
6080
1141
312
7376
2415
7203
1162
6126
2010
4842
1298
2482
6494
6162
6551
3334
1658
5649
3068
5325
7443
5729
866
919
5047
3625
3651
5300
4445
5968
7059
255
1286
4134
7420
3960
1804
4623
3429
5970
4809
1266
395
5032
1253
3232
4292
3002
7146
1669
4214
2478
4741
50
1931
2551
4992
5314
2904
4481
674
3649
2147
553
4328
6766
3728
5712
2862
5686
5421
4940
4254
2445
813
3070
1935
1680
6277
1700
381
6393
5538
6464
6310
2455
5110
4272
252
41
3475
64
4077
1764
4286
1914
7228
5204
327
2075
5289
3611
4677
7123
430
753
2032
3008
2856
5941
2570
1822
4350
4574
3577
2393
6847
3689
6207
8
7041
2026
2504
166
5153
1843
3897
1408
4242
4918
2234
7466
540
2724
5292
6000
4691
5667
176
6484
3210
4503
77
6248
2668
1741
4261
5395
1088
866
5575
6020
2902
5881
6478
4307
3610
4781
4620
4130
7121
2864
4419
5112
5455
3325
2547
6682
571
7496
5039
3531
3434
4040
4027
1574
5691
2463
5801
21
5374
8
6186
5980
4150
2581
4800
4302
7407
3355
778
520
4681
562
6965
81
6872
1262
1314
4986
6856
1407
6670
6631
1034
6755
4158
2832
2711
1601
2599
6148
2251
4435
2067
3854
7485
4125
3060
2240
3958
1365
2559
1942
4029
4107
336
1083
5511
6785
5688
162
6052
4603
7089
3674
534
1605
2959
151
7322
5900
6182
3063
1768
3618
6307
5641
1352
1650
883
6357
2338
1736
5543
5561
3272
4902
3663
4428
1652
2015
6032
6494
2236
937
377
4811
4999
3114
6294
2696
1967
4918
5797
6474
138
4916
4430
2741
1010
1798
6628
2239
1061
3247
551
4793
1467
6928
3295
2172
6363
3200
1807
944
5265
120
299
688
5003
4316
6477
3330
7479
5452
7098
2634
60
2206
2536
55
5100
3037
6984
1226
7252
80
2672
3584
2393
3379
736
3733
1576
6980
5381
1767
56
6778
7324
3437
5870
1983
3958
5906
4190
5937
2551
1353
5053
2674
3721
5058
3365
6746
3410
1481
5724
510
349
6478
4699
4031
6199
5222
143
2345
1689
7146
7193
364
5841
1669
1011
931
4985
2453
2703
4395
7453
2689
6543
6251
2167
4751
4585
1165
5457
4771
2325
2926
1332
3857
6389
6166
658
1919
3409
4121
7237
3093
2639
7048
2183
150
7151
3615
6707
1148
960
5142
7285
7240
3020
2576
4012
1394
1367
5492
6371
1430
39
5851
5825
883
3062
6299
1294
2029
5646
7406
6818
638
4590
4181
7462
4448
6674
354
5867
3687
2583
990
5034
3251
5238
704
466
60
6580
824
5694
1941
3019
2387
2192
4424
2017
4542
4685
4523
3967
6777
2094
2381
1904
5283
5047
2218
1025
1544
498
1403
1986
2178
2906
364
5534
6159
3918
2539
4778
5091
6596
5135
7289
4090
3321
5689
6748
3800
4368
7117
931
1848
5794
2082
799
5278
3635
6702
5971
4233
2742
1968
2583
424
5131
1400
1471
4726
190
5962
1832
1828
1798
2073
1154
2578
294
6647
1566
2568
5395
3365
2027
7487
6149
2613
3241
1490
6355
3610
6039
744
7280
2012
1452
1215
6320
3762
725
3938
335
5758
5558
88
2646
4027
1043
3059
4953
5433
3799
3201
325
1578
1875
275
5625
233
3070
6170
5974
1998
7474
3122
4838
4302
742
5357
6062
2449
3464
2448
6520
6417
3412
4328
3133
6555
3528
4872
4509
1037
5336
1753
2322
4503
6683
5493
2680
1368
6310
2273
3360
1515
846
852
6204
1589
598
3346
2348
5229
7088
3612
3971
3302
790
5563
1618
2903
7153
5590
1391
6976
6624
2984
302
501
2732
768
953
308
2575
2440
3724
3942
1124
6845
595
795
3695
4077
7439
7227
4880
2640
4253
281
6758
483
7195
6632
5076
2408
6403
5402
7183
3194
1252
6257
4452
514
2718
952
5921
6659
1061
1776
648
2410
1043
266
1322
7455
5182
5458
7496
2620
3517
735
2603
2227
3243
639
4563
4526
247
352
5705
5888
1629
4199
2701
2716
2124
2934
5841
3499
1098
2279
4250
2109
6745
531
2672
66
1238
4662
4443
7484
6534
687
4257
5428
5023
1270
2435
5965
4932
3650
2961
439
198
2083
4420
5997
1814
4558
975
2439
2896
6552
7283
3321
284
4601
4633
7260
3517
1454
4131
6663
185
6122
4619
7050
5220
1792
2060
3031
541
1190
4004
1982
2994
6998
5280
2934
3961
6367
5114
7355
3529
4904
5111
514
1223
3806
176
298
4842
4621
2040
7015
1072
4790
6870
1132
957
4808
6368
1514
4882
3360
2665
4031
3682
1745
6072
4183
1567
6629
5213
5873
2773
5909
5341
3108
4127
3923
1375
201
6168
6059
501
2617
1493
1948
4946
3315
1723
5424
5492
6121
6744
2051
4094
5506
1763
3100
5260
5241
3796
3428
2872
4816
6130
7358
5390
4315
629
4032
2507
1839
5085
1921
5209
6077
907
5002
1465
6448
1044
6604
6758
5314
5772
4795
2271
4084
5320
1075
4345
1693
3972
3762
4055
3430
3267
6500
3274
909
595
3580
5804
7
3485
2589
7240
5522
6424
7287
1058
5021
4817
2212
1092
3876
5920
230
2477
4669
4619
2525
1222
6628
1556
1027
4103
2372
3448
3674
3333
3832
1003
3574
4549
2647
1050
5023
896
5243
5205
5072
3198
1958
2817
1118
2018
2200
895
3020
1446
5524
4642
2680
4465
5494
4216
2015
745
6302
5440
5937
2508
1678
4845
6542
7215
5770
934
1346
3257
6196
751
5744
1705
1903
2726
4698
4851
7233
734
2346
5636
5670
3539
1577
7353
2596
2135
6716
373
5073
448
2402
1182
2054
403
1059
2201
6748
1371
1674
3327
4931
3389
3627
1370
180
117
1255
5070
427
5013
5623
3931
1874
1399
7242
1995
7279
1796
1762
3134
4101
837
5429
7489
2880
6891
6466
6703
5138
6420
1904
1366
346
855
2122
4789
1649
159
1698
6061
2369
6709
515
2844
7005
176
1009
4596
4714
6601
1680
3526
6746
3146
2422
901
1735
4748
2726
5293
5300
2720
3958
479
7448
6126
7286
6961
3602
5763
4538
5185
1930
1928
2039
5408
5692
5273
1363
7389
7370
4734
2858
1224
6640
4066
2824
1400
6482
5207
3260
2546
523
4861
1616
2242
3423
5521
2443
835
802
4527
232
7318
6073
7424
2179
6405
4337
1768
3882
3947
5003
6933
3786
4366
3374
4266
4639
1206
6755
7017
4584
5525
3649
6727
5512
3181
7385
6359
6402
602
2057
7050
6463
3104
6776
4622
3228
948
6699
1025
3292
6149
3703
680
3372
1137
1010
1721
4032
3045
4361
2827
3028
1821
4804
3546
3049
3373
3341
3667
2354
6231
7003
3733
2783
7431
4838
3118
6930
3669
5981
2437
3533
1987
5384
2666
2352
2546
7258
6955
1323
30
4862
156
1703
7270
5653
5437
6180
4203
861
5896
4573
5445
4009
5382
4829
5647
2822
3429
1724
1850
3182
5310
1254
3234
6798
2276
1891
1704
722
6282
2755
7485
705
6757
2998
4296
6489
682
1452
1187
477
4421
103
2596
1988
5869
2814
4420
5967
2996
878
4811
6686
2422
388
5931
7137
6722
2452
5589
6415
6359
607
782
6252
4211
6857
3037
4999
4489
7121
1203
5589
6019
5031
1140
5857
750
6614
1444
5225
4887
739
3058
6489
1760
1886
6898
5961
353
3400
3647
5204
3547
4864
5941
2592
6048
5195
2634
3812
2477
5199
3518
5844
2330
4373
6830
3748
3399
5973
2595
428
475
416
5465
4398
3842
5738
2896
3559
256
1511
2085
1890
6361
1519
3978
2247
3959
3974
2273
2997
4628
3302
1494
2865
7485
2055
2494
1870
3688
6616
98
5006
3348
1577
7118
5206
3508
2101
7081
2124
5750
3473
3437
3981
6723
1931
3424
3056
3171
1128
5547
6747
920
4826
4016
6569
6504
2152
1360
420
5063
2158
5661
7002
4623
5369
2352
2517
1748
6627
4282
1681
5331
693
4391
2566
1107
5137
463
1738
5650
4538
1650
3705
7406
6799
4529
3710
4012
2776
2230
1579
5899
7343
6597
1727
431
4762
4447
5678
3927
905
3837
2823
6538
2471
709
5731
4432
5067
4656
5789
498
5556
3513
5272
6503
5980
6443
2570
3272
2843
1594
6985
6114
1942
7264
5499
31
3754
4077
5366
5477
7452
2375
2652
3484
849
7398
1440
4594
2657
7016
6126
4417
4141
5960
3927
5413
3797
1113
639
176
1186
7243
1544
6982
2976
5958
2073
2676
4422
6570
2609
5950
1194
874
2931
7040
2027
5092
5965
7002
4302
4848
3627
3247
7405
6960
7053
7417
4686
5023
1388
6860
3411
6748
284
2830
6555
1117
223
1383
2232
1350
4586
6020
1503
2990
4088
3206
1453
6386
5248
4657
3168
4068
7420
1768
4651
3262
3023
6380
4635
399
5222
3003
241
2871
4941
5383
4180
4435
3474
6640
1331
530
5490
244
5504
255
6846
4894
3610
3600
4304
4783
4493
5048
5663
4657
4457
4423
1968
3419
2984
212
4354
3376
4646
1655
5888
4852
6962
553
4411
3293
2559
3578
5349
2550
1922
4550
6847
4895
3999
4635
6339
1438
6031
2494
7435
5896
5258
6273
2572
264
3557
2764
304
4106
3650
7112
5123
5605
3498
4202
4441
6981
176
6021
6415
4501
7277
5701
5914
1979
5064
6531
80
3436
5132
1131
6551
836
1111
1290
7383
1579
3140
4864
6797
3308
290
4929
7457
7175
521
5390
5408
6515
5712
4166
6938
7383
1802
6175
202
1798
3622
6617
4853
6979
3744
4366
3190
5584
2811
3516
4824
1210
6238
2394
2422
4178
1676
81
944
1130
2961
3326
2713
2936
2004
4460
4477
5166
422
2162
1498
2436
4752
2191
972
132
3358
1732
5119
6186
416
2981
4550
3142
3753
6951
3627
762
4953
7332
6680
2623
977
5150
6074
20
2508
7289
1936
3538
6842
2498
1072
6443
7050
4054
2071
3679
6953
1705
6506
6568
3075
285
2780
5142
2746
3127
5378
440
3875
352
5041
5635
577
4370
683
1127
7427
4950
840
6718
5130
1601
6750
1256
1408
3112
5136
200
6942
4899
4280
1198
569
4108
3399
5449
1038
726
5896
3639
3970
7405
2025
2121
4567
6487
5945
1280
77
7093
3895
3771
1866
5035
2627
7270
1384
7006
5556
2465
3715
4958
6959
1097
1646
7450
5291
5200
269
407
2396
5350
508
7004
7446
568
2808
652
4504
6867
1478
3470
4425
5410
6288
2765
4254
3254
1400
6917
7069
927
5141
3011
5534
7376
2217
5220
5812
926
89
2783
1119
1245
4453
4740
1302
4532
2784
5554
2937
1980
4282
4108
6217
4325
784
1225
5661
2884
2369
5887
2810
267
5581
5181
2227
5877
3946
2049
185
1833
4398
5140
929
7449
4523
1889
3904
4129
4272
6216
5480
1009
3229
89
6893
4557
4897
6905
1586
4542
5435
4046
1607
407
4951
2153
4313
4481
169
5198
3413
4947
5136
3634
4155
4055
1291
5495
5917
6157
4629
5487
6911
6752
6445
5843
3012
5878
5213
5906
5022
5356
4309
1696
312
1623
2170
351
411
2083
5849
6709
501
1302
3647
6615
5953
3637
7053
709
5264
3777
2520
4919
3461
6718
659
3779
2064
2289
6118
5560
2134
5978
6142
6156
5551
1423
3346
4776
4098
3308
4355
4147
1805
3441
2816
6215
1537
7400
658
394
6081
3399
7246
1901
5731
7036
1673
7327
1522
2293
5597
7147
6995
5225
1101
1217
437
4263
2725
6543
3048
5855
711
3027
6016
7022
6395
3969
3160
5508
4508
2387
2681
628
378
2025
4003
6196
3835
3613
7246
6842
6830
400
1271
6927
1700
6717
635
2030
4978
2079
253
4098
5292
1495
6103
5494
7403
1779
1209
6324
2036
2602
6944
4582
1378
1118
1468
6716
2593
463
1992
4586
5482
1273
1522
7056
6466
3634
6963
7321
3445
3040
6670
46
6055
5182
4273
3453
1134
7448
6671
5342
4756
7085
4264
2145
3594
1475
5210
1728
2425
6228
7296
4231
5387
3652
105
5645
6469
4263
6574
2390
4285
87
4234
3926
7119
2467
4873
3904
6324
7211
2403
5456
935
1782
5456
2956
879
6690
5399
3134
7226
5631
4801
984
1081
4910
2575
4418
3885
6979
2489
1361
3660
4919
739
6023
126
7160
512
2226
2052
4191
1004
497
4158
1
3347
2607
417
2478
5783
1947
6471
1290
7321
2730
32
3148
6612
3497
7446
5975
5607
2107
1457
4923
6154
6883
3801
2666
3767
825
1333
5501
1558
2156
5527
4931
1478
10
1260
3237
1234
6096
3369
6819
2344
3482
3845
6416
7292
6188
3918
4714
1671
669
5132
4667
6011
2786
6003
4198
3788
1112
1093
2208
2757
212
6022
416
3430
759
4341
1642
6428
3839
4926
5107
5293
321
2653
5388
7159
3838
4922
4154
7377
1347
7044
4184
4930
453
4473
999
6996
6963
3245
3800
5491
2122
6339
1926
6774
1047
1543
228
4869
6502
2643
3121
7015
3022
1373
2185
4764
1040
4130
4356
2243
6521
6098
1831
2575
838
3048
7252
6481
826
5593
6405
2191
3023
1268
5619
7197
3920
2863
7388
7475
1582
7028
6556
4860
2408
3429
1500
7121
7046
1283
4807
1722
1622
4479
382
2953
4025
2665
512
3408
7354
5801
1036
5907
1901
7468
5959
2301
3412
6235
456
5765
9
5891
4692
4861
4167
6704
2213
3232
2442
3523
6396
5060
5918
2045
3896
335
6027
3670
4700
1005
5058
7260
2514
2349
6690
4855
6561
2879
907
1930
3565
6115
2825
2871
2940
6061
7069
7283
3897
7171
7011
3211
919
210
3199
3712
6925
3388
191
2208
2663
7269
845
3589
6662
5109
4499
1311
2059
5517
2750
6491
2859
3889
3186
3807
6584
5528
366
3211
6732
1043
3609
7431
2826
2403
6240
1866
664
7021
5633
3048
2184
4774
3499
1256
7382
1092
6351
7103
3509
4748
1524
6709
5232
2737
6423
2950
1807
5376
3105
4301
4398
2342
712
1564
214
6741
3192
3043
706
7240
7131
3656
2993
2709
1309
1556
4228
6586
6126
1848
4723
6865
1135
6283
7277
3931
654
4522
2959
5498
2648
1152
620
4852
3497
2529
4232
1036
740
5271
3269
6323
53
6473
3704
7223
2933
5613
2658
1551
664
4649
5973
2642
3256
1581
3086
2800
3263
7135
6837
5083
6041
3753
2464
1327
7323
6933
7342
4238
3580
1225
3468
798
831
5493
5283
2868
501
2185
93
6146
5668
2949
830
2292
363
7368
5201
4375
3407
463
2352
3770
1116
1336
1257
12
2684
3485
7464
725
748
5840
4740
6782
5207
5258
2119
148
1413
4686
3397
696
5575
5026
5318
3733
5932
3648
6715
4070
57
6025
245
844
6088
1060
7133
3632
1178
6178
3237
1458
4484
2749
6899
4537
724
535
7345
5051
533
1973
3601
4827
1019
718
5890
1967
608
1710
5753
5819
1376
3750
5457
1957
5862
1919
4039
5866
856
2979
3709
5263
833
6720
2786
2194
3189
4082
3066
1997
5284
2585
3560
6297
150
5297
1092
6482
5324
5639
3488
2764
3482
1465
6659
6640
317
3417
3530
6789
1650
3794
4852
1569
4870
2487
6584
7110
6697
3558
3179
2990
1274
3711
2514
3125
2492
1877
3673
2679
3711
169
4154
6138
443
6672
864
6294
1242
3033
4244
934
5726
3792
5566
1766
3976
5242
2304
2783
5086
7179
3689
2872
1605
4580
3694
3596
5388
241
3849
2371
926
6580
2239
3071
5153
7448
4633
3955
3733
3211
5077
5724
7296
4330
5157
7331
4356
795
5572
2084
315
5327
811
7476
7007
4912
3529
6988
7392
5261
5822
5296
4298
1805
6720
1239
226
1146
669
3883
7383
6091
1295
1674
2551
143
83
3002
6052
6898
73
6510
2800
5877
3637
3533
56
5319
70
499
5193
3347
4033
4368
2476
193
2056
6938
6609
2730
1851
6103
1359
3500
2949
1490
6294
6419
2749
6804
3879
2470
5087
5757
5945
7119
4382
4101
264
2104
2237
3338
1703
5187
1157
4676
480
3774
5963
7053
1021
2011
3235
3979
888
1872
3253
4392
3655
6183
3369
424
1019
6634
2295
5443
3283
5233
1185
909
2484
751
6459
4691
5772
3174
1636
6357
7127
5965
2701
2889
6811
303
1010
1921
300
3615
261
5024
3619
1165
765
6432
4970
4849
2768
1485
7185
5579
6849
480
5489
2446
3832
4098
5702
1167
6305
3850
4066
6871
668
6650
5677
7219
6703
3058
5118
4729
2431
479
3185
1242
2591
5460
4616
6215
1690
4091
3908
7014
1510
1212
4249
472
4054
1541
7389
3222
5865
2354
784
4214
791
4280
1786
1257
5622
7330
1183
5688
2316
4130
2330
5411
6970
2101
3612
4312
6377
6358
5246
3743
3373
4334
4272
6831
4227
2502
5912
3866
7238
4995
6814
351
2702
1965
708
7008
7277
101
2070
3571
5953
504
5274
4229
7108
6572
7387
4656
1327
1411
6701
3415
4360
2425
1367
2760
5698
5530
2972
5114
7356
5478
1730
1955
3781
2878
5478
6053
4578
6940
4638
5386
6845
7413
1819
512
3883
4309
1243
5889
36
7408
2516
2618
3903
2515
4630
6807
4621
6389
1862
1815
63
3431
6955
384
5453
4411
5348
7316
2853
3934
610
1438
6994
1916
4523
4727
3184
914
3578
2068
3781
1059
226
155
5944
4221
7034
1732
978
2270
6246
7250
7064
5734
382
2827
6893
3760
1891
5491
5949
1729
4541
1631
1280
1455
4167
3516
1414
2258
5063
7031
1256
3283
6079
4056
1580
6626
7413
1509
3101
5222
2714
1013
1939
6793
3959
1470
7278
3094
4629
938
2941
6327
5186
6257
200
365
5399
2125
543
4688
3380
709
920
288
2172
7039
165
4060
4463
4010
1749
1659
1186
5736
1559
4159
6376
6300
4370
2503
4447
5374
114
6426
757
4742
1797
865
1286
1435
1986
997
398
2775
7109
4035
987
3631
2008
4446
4157
3600
6350
1661
2094
2327
6529
4173
1009
3085
1327
3881
574
7195
93
899
5008
6707
7243
5626
4498
1588
3543
1549
506
2730
64
4271
1756
2641
1210
20
2652
3469
1077
7028
1111
7071
6084
6733
556
6771
3731
5740
6886
4242
994
1741
1374
5892
6489
4204
3523
6679
6324
5142
4706
7003
4939
4573
6382
5358
4005
660
5645
973
6262
2717
699
3797
2573
1179
1580
3846
2618
5007
4682
4538
7488
1615
4765
4689
7215
787
6527
3504
4613
6570
7362
3141
4927
1756
2393
5721
1129
5122
4504
7380
2399
4408
5709
3459
2053
6179
627
6739
6224
1435
5546
1584
7359
4716
1155
6398
747
4811
4232
1256
6675
330
1651
4005
1306
4029
5598
980
3173
737
1316
113
5806
3319
6386
5340
1702
3824
1660
2912
327
6478
1367
1224
1424
4693
2753
7015
1250
4675
6400
1741
2938
4447
427
4330
325
5809
5054
640
1516
7341
24
2492
360
5794
7428
2728
4783
1054
7378
651
1415
4096
6315
1589
371
4641
2187
6869
5410
3546
1322
809
252
7181
1814
1232
5073
4782
1106
4650
2267
1352
435
2827
366
4462
2305
4462
3843
5383
195
4239
2021
139
3992
719
4587
3558
1692
5464
6602
6797
4192
3902
4578
7129
6956
5350
1470
4452
252
5079
6903
3661
2928
6136
6632
607
1710
205
5186
1380
7206
6246
5583
500
6820
65
3211
5420
3970
4577
3796
5270
7448
2198
4787
2991
1990
4005
3841
5628
7354
3995
3494
1552
602
6734
7097
1183
411
2507
2872
2843
134
6661
5072
910
2775
5470
1001
7122
2660
5471
3192
3682
1243
3427
3887
3090
3597
1792
6617
1863
1032
1979
1671
5742
939
137
4994
3791
2809
5603
2340
732
6389
3882
523
3725
5316
2903
6463
1132
160
970
4095
5791
4984
4479
6718
6478
2470
1985
2527
2991
3859
2322
5410
3185
1908
5446
1929
3745
3939
6350
807
5153
3226
1017
2926
71
3224
5595
5535
4796
2445
3397
4085
5506
4136
386
499
4609
3801
601
1357
5135
1828
2737
6773
5169
1958
263
4207
1593
6312
4429
6336
4506
4377
4631
1035
399
6489
4670
1211
5960
5099
3968
369
684
2873
4100
6583
2206
6440
859
6889
5642
2797
4085
4819
6948
4433
398
3290
2421
5649
2007
5891
32
393
3678
3677
7152
6865
6951
6254
1053
1301
5350
5090
2061
3425
882
4206
5301
1468
4861
2871
804
716
4829
5929
476
2853
1504
7055
6195
5957
66
5816
4258
2188
1822
839
108
5689
1664
6269
5705
532
4458
7289
661
7221
550
1519
1099
2690
791
5647
3101
6440
2793
5838
7301
4796
5607
143
5101
4004
5186
3908
4465
6029
2200
188
3034
3425
1576
775
1277
812
2252
4684
5024
423
6804
882
2429
219
6251
4067
6436
7366
1081
2471
1897
2914
5274
6502
4511
2032
3701
7111
6134
3718
3655
1928
3656
6829
3394
3435
5555
6780
2339
6820
4020
7143
7313
4603
4161
2121
1684
1259
3132
3219
3588
7373
972
6211
3102
5808
2268
1868
3192
672
6843
383
5924
6736
2855
1267
163
7170
6273
3330
1666
3041
7278
4135
2243
3590
1657
1654
5181
3940
6635
1474
3889
6200
7028
3864
2742
2134
1726
2067
226
5708
6348
31
6108
6272
5320
3546
295
4381
1808
7362
2419
93
3694
2031
4019
3196
3896
5024
7433
4937
2969
158
1575
4008
1277
452
1134
3151
1423
6209
7401
1714
7492
1925
5877
1855
4710
6159
1007
3806
3779
480
6042
6250
2501
197
2032
1632
461
397
7426
4272
2185
2950
5881
4332
2515
167
6037
5931
7387
5706
7083
7018
7360
1401
187
142
2437
5570
1053
6239
957
392
2684
3148
2545
4412
4294
6369
1284
5093
2491
6888
1194
4192
1242
2127
994
2623
7231
6491
2489
4238
2104
5015
1594
906
7225
53
7102
6539
2466
4795
5145
2195
6656
3586
1492
360
1487
1788
708
5016
3423
2937
2373
5137
6823
3373
4534
6950
345
6829
6144
5880
5906
6228
6846
2531
3494
7330
4899
2403
4446
1026
88
1991
114
7
6562
5695
4075
6941
6470
3230
5990
1095
1844
4397
4889
3517
6295
4130
6935
1261
5631
1822
6850
7416
5090
68
6626
4834
4130
6076
3691
1945
2008
2453
5558
3516
5037
3697
3998
4634
2499
4408
2414
3696
494
2428
7075
4452
3954
3418
1584
2912
301
3010
2781
7368
2792
7328
4577
2185
6258
4996
2668
6987
5848
4226
4781
3301
4951
3951
3853
6806
3848
764
6626
4372
7121
5691
465
742
2319
3668
4938
4416
5070
7298
5895
6184
5311
2313
6110
4991
4829
5551
6316
4275
6050
93
4126
7397
3781
5057
4565
3869
7354
4182
7323
2443
3337
6526
2849
3408
792
2249
3555
6598
2358
5248
2248
2572
5278
2372
1044
561
2667
1276
1807
5102
5016
4379
7237
3591
4627
4077
6372
7247
5865
7227
4586
2649
1387
781
6707
5748
4743
99
4711
1160
4269
6222
632
5378
4866
4264
6204
2025
5962
1984
5587
2709
1204
1342
504
3496
2248
6714
7461
6079
1029
3133
5745
7371
3740
5926
4301
3318
1194
4511
6252
668
1463
7117
3134
829
4227
5065
251
850
1577
807
2220
7496
5255
6200
2280
6648
1037
412
1037
4272
4152
7345
5939
3236
2753
2989
1407
6602
5140
2914
5485
1423
2559
3867
247
694
7452
208
2330
398
3945
1768
2394
3585
5859
5364
1242
762
5008
3286
7239
4283
3688
6538
5202
4047
7108
3915
3291
2028
5058
4470
4733
2263
2690
431
999
3771
1779
7067
2287
6522
3341
6721
6122
107
4292
183
4480
2471
6886
6965
3171
5091
365
6817
4287
5816
6642
5553
5877
3720
5260
3135
6389
3153
4213
2466
407
6517
1259
4162
3615
5799
2493
7188
563
6053
6258
7423
5292
3006
1257
1487
47
5654
3332
942
5947
1475
7099
4242
1039
7251
3176
4159
6723
2739
4814
498
5131
2883
3516
1454
3283
2411
1227
6320
2571
527
3523
2546
2052
2448
4519
3045
1453
6734
6962
519
423
1939
4418
2531
4711
3419
2400
6365
3979
4386
3332
2051
6213
2209
1533
2966
2327
4434
92
5073
666
3788
1751
5773
5990
5587
1376
2489
6764
4468
6474
48
157
4319
6651
1190
7365
3911
4213
3676
7485
610
1093
1267
5428
4977
4020
323
6124
3510
2102
369
5870
492
3338
6116
5977
6091
3735
3001
2302
5927
4353
514
4817
3105
1915
2114
512
825
4506
237
2963
7354
556
6417
3449
4599
1590
3633
2658
523
4516
2823
1516
4129
1899
7444
909
5090
71
4297
4064
7404
856
6290
5475
4750
7384
3419
4560
6645
850
2707
6487
2159
6746
6719
4119
5080
2633
3871
7330
2529
4266
7173
1907
278
7481
6361
5953
3774
6813
4491
3979
2313
7041
678
4146
5332
5540
1937
3297
793
1947
2735
7103
597
4829
4947
2892
5877
118
5016
5433
5837
6100
602
5455
333
5291
1373
3066
4463
689
1599
6788
2809
4254
6204
7140
3896
3833
6386
4427
3980
1842
6169
4740
2304
4326
7178
45
2872
6131
5473
6232
3780
5751
6697
4435
2083
6950
3977
5589
424
5584
2989
4777
3659
4058
5043
1663
1865
7343
4247
6260
2056
6855
1890
578
4494
5265
4021
833
5056
172
6001
145
4818
6424
1529
3024
5508
887
7277
5274
7236
1449
3384
5513
3342
4298
3933
1063
2119
4020
3813
2678
6301
4015
214
1025
2634
3438
1780
2541
7173
4453
71
6195
4221
3449
1166
4441
3317
370
6987
2408
1394
5795
6466
1272
2948
2879
860
383
3234
6460
4785
2872
6194
6481
6917
1301
6932
2638
3745
5120
76
2428
3425
4743
2175
397
811
1401
6473
3999
4251
7419
3545
1812
1520
1177
4900
2120
4283
5082
1252
5239
5053
6585
1661
202
4792
1079
6625
5304
3651
4076
2697
3869
3018
2357
6213
7164
6779
3036
4846
2211
5782
3407
7381
5891
4729
4301
4111
6620
4797
3666
7210
4777
4580
2390
1826
1723
3983
3287
1903
4931
3501
176
3754
1508
2910
5602
6237
7430
4313
5738
7324
5521
5412
6458
4555
1782
5949
7318
4153
5550
6287
6825
1174
1967
3006
2872
1130
2551
7167
2950
4297
5484
6555
5248
6562
892
4224
2577
5288
4027
6042
6138
3071
1561
2948
4043
7456
3219
3971
4978
1021
4143
6542
3395
5059
3846
2288
6617
7177
1358
4663
1804
1960
2075
4946
6173
1360
4989
482
5916
362
4914
5914
2813
4165
1047
193
6460
7320
4269
6154
4472
7247
4963
875
504
1170
1354
3039
1200
4485
7022
6945
6977
6873
2830
2268
7030
4469
6742
1808
1471
4542
475
6913
7499
2147
5811
1839
6037
2225
857
6546
6865
7133
2544
1955
6674
5917
7451
588
5768
842
931
641
3732
5441
4596
3486
1254
4441
4699
7367
2769
4875
6918
7002
4551
2125
4206
5295
5878
180
5811
1542
2236
3880
4444
4225
2382
5485
6672
1065
3696
7025
3629
3888
5136
7371
3433
2234
3811
6296
7086
5242
3883
773
2893
1631
5870
59
1494
3092
2008
1319
4018
6242
6900
3312
7144
1437
5240
5556
3685
4692
1267
4923
7272
2316
4012
5317
4301
6440
6274
4137
3093
577
7213
2378
2201
6390
560
3227
3845
6123
1094
6071
3900
3619
3636
490
2566
5252
2969
3258
4891
7247
4907
3897
6743
4222
3065
142
2605
6267
7053
6604
916
753
204
1325
1821
4342
4346
2948
6675
6299
5791
2795
5557
6393
3197
2
4505
1392
6551
2443
1468
6845
5851
7019
3741
7181
7155
262
3622
2608
7052
6670
2667
4378
7364
3991
2544
6650
5263
4147
7303
2849
3646
1120
1092
873
6173
2680
992
2570
6055
5416
5656
4946
4908
2673
3694
3371
3592
2381
4291
4668
7268
6213
1110
634
2566
4820
50
6142
552
2271
2946
5732
5206
5825
4133
6388
4375
6169
3160
2355
2019
2732
1397
4926
2393
5226
4908
2289
7001
3668
6704
3437
6674
1698
6027
3996
7313
1454
2414
5821
5923
4723
4525
2828
7275
1611
2486
4674
3905
708
3786
5294
4488
5051
6280
7077
2881
661
1722
1683
2098
2382
178
465
4225
980
4240
6494
4840
316
4032
1820
839
1651
2133
932
2518
4278
5797
1859
4796
1870
6432
3864
1430
2228
3301
5672
154
6509
1721
2448
5584
2608
4696
5281
6689
1211
1288
2651
362
258
2895
458
6093
7377
3399
3288
6938
1909
2744
4816
998
7056
7000
3435
5723
2642
7283
6801
47
3912
3918
4219
631
6119
2030
6548
6276
2514
7134
4089
3199
6366
5326
502
307
1992
1037
2133
3496
7063
324
5706
4114
2673
5117
3562
6632
4601
5813
6776
4287
7341
5025
4217
7267
7325
1360
6565
7071
6577
4999
2318
7325
4994
4701
1006
5866
6731
7092
1839
1829
5186
1722
7247
4273
7254
6043
656
3733
3048
6726
6282
2371
275
7457
2078
7464
7112
6354
91
6890
5651
4238
4880
2071
5932
5272
4632
866
307
244
1032
4514
31
4649
3207
5341
570
6258
6215
525
7105
5411
1579
7050
6887
2376
4394
4466
6696
1259
5507
4368
5762
3786
2839
5312
6162
6408
2784
464
204
3800
4600
2102
7175
3540
932
6275
5732
525
1390
5755
4541
131
2704
5276
914
6181
5456
6620
1482
158
3340
2219
7406
2106
5584
3243
6273
3658
2561
6308
111
4754
1209
7197
1330
3889
5863
1643
889
4314
3229
3330
6969
3615
7313
5391
2934
7256
5646
1717
6530
1161
3105
5972
1664
892
5859
5204
3313
7210
1471
690
843
3173
3211
1267
6271
2336
1812
5553
1566
2470
269
3142
1683
1033
7359
1794
2815
415
3520
1868
687
5319
2880
3984
1280
7121
5632
3086
4507
4716
3137
3279
6375
2852
5222
3942
4808
3269
5761
3601
2282
4079
3201
5782
4529
4679
5605
5797
6719
4414
2451
2166
1177
3207
991
4101
7430
3789
208
627
6869
1196
1363
2730
3370
2950
1715
1866
358
4558
6869
1143
6237
4596
3691
1459
4341
1402
7494
3416
6959
477
3146
2759
1525
4151
4884
102
3405
3727
1398
6003
1014
6727
1500
5179
2502
6029
3416
4146
4716
1059
881
3779
2024
1582
4217
1407
3611
5128
4889
7436
2273
4445
1185
4409
3852
7458
5200
5075
4412
4021
921
4297
6563
7252
4768
132
897
2354
7239
4964
5313
3770
5327
3267
5991
5121
4646
499
6872
609
3687
4355
534
5307
5556
2088
266
1285
1007
419
2964
2318
64
2300
2958
3844
2514
6504
4296
1893
4092
2297
6672
6612
7041
2262
6591
2274
833
1976
2806
2468
328
6930
2627
1125
507
6455
4891
6572
2552
4445
4959
2218
5402
11
6529
1434
6964
2966
780
4913
5440
2184
2953
1019
372
7458
263
6828
5464
4154
403
4397
4242
2717
3964
6169
2109
4633
2082
714
5038
45
6420
4234
4872
1128
2380
3198
5120
5018
4541
6302
4008
6857
5259
6697
3840
4500
5517
1165
1860
4351
6831
4106
3931
4665
357
2232
1737
3149
218
1833
15
2509
7424
5969
348
2635
6456
5842
6084
5471
458
278
5403
5575
69
2682
7223
5745
420
5480
6335
6596
758
3526
4370
4410
664
774
5477
3024
2351
2711
3675
3596
1775
317
752
7099
3887
3689
7332
4961
3280
5021
1867
3855
2110
1448
427
4073
1973
6937
7199
5637
4450
824
431
603
6442
4489
7365
703
717
6456
3778
4420
7066
2303
2763
2378
5982
4155
2912
5167
1634
2204
2337
7315
6772
3184
696
3685
4901
4252
2955
4038
7042
5453
645
2960
1361
3067
5000
7232
4301
690
4550
3236
4549
2796
553
472
5990
527
6254
1516
2952
4268
7261
654
820
3770
500
2936
206
389
5254
5241
2178
7395
2819
1029
2094
3143
3118
377
5160
387
6678
6997
2361
989
342
942
1721
1980
2592
4687
918
6938
5374
3882
6260
5282
3826
4277
7271
354
1893
680
6381
1022
507
5039
7285
4154
6123
6835
5886
7301
5322
7124
3914
4306
5944
1815
7371
1810
6672
1711
124
1949
2836
2894
6335
6677
4866
3256
7012
1930
5274
4865
5490
3623
1099
5736
3872
3953
3470
1044
3748
146
5129
7245
6832
3664
1274
2580
3783
4902
6839
6735
1697
3303
2073
2135
1064
2658
1034
6717
93
5899
2574
4121
6252
4349
2411
1354
7159
3760
1760
7352
1677
1870
2762
5407
6039
6316
7084
6230
1031
1687
6781
3604
2182
5739
7178
5986
2082
5146
2942
3475
437
6865
5206
1594
2773
5498
6774
7
1691
6729
5799
4035
821
6112
6016
3363
6926
360
2273
5858
6891
3097
4805
7191
273
655
4113
1300
7168
7470
2767
5067
6909
2593
1180
6157
6086
7034
4831
5439
5862
714
4936
3449
4175
5872
5533
7193
5275
3572
2711
4922
4131
3349
3767
3208
230
5572
6899
1721
5600
1414
1156
3147
1893
2096
3431
1516
6309
1657
1413
7484
4586
6509
5962
4388
3337
4565
5765
5495
870
4877
6392
1547
129
2945
3189
546
451
6136
2737
7253
924
6658
1185
1089
1632
7045
6593
4875
5338
4902
3622
3427
4330
2136
7357
5641
231
3221
1501
2779
6736
6166
5129
1233
531
3502
2993
2717
2967
5152
6833
1826
4485
3314
1659
5025
3347
6848
1681
1257
4717
1136
3204
6605
5235
829
6518
1967
7434
1072
2584
507
5132
4555
4543
5032
4447
395
1565
1376
36
3912
3986
6400
4384
992
1856
3866
2064
2756
3431
6948
1513
1552
4114
1975
307
3087
6858
2853
604
105
507
4405
6278
6808
5722
3307
3466
5417
3894
3083
4630
1466
5823
4475
487
2179
5807
3072
3373
3735
461
974
5967
72
1067
6664
928
1160
7372
6113
2031
5410
1461
3656
7232
7313
3156
1242
2323
1386
6128
3947
1679
2744
1955
4779
2410
1626
3594
4643
4642
4483
5373
5735
2821
4932
7056
5806
2146
7250
5127
2096
4248
6960
3582
2121
4152
5060
5686
1023
1142
1001
2430
1253
3557
5607
3404
7130
7449
7348
6318
658
6622
3218
2887
1653
5824
4839
5489
4399
2883
7042
7197
5320
5893
3391
7251
5986
4073
6371
654
3824
6935
3553
6419
2998
890
5759
6166
3489
766
2524
5181
2360
3935
6220
5962
4968
2138
7462
5438
3886
3209
2920
238
6579
7487
3653
2591
1902
1751
6268
2229
902
2858
976
2059
7213
7080
3721
4196
6116
621
3394
913
2964
723
5749
4862
5136
6069
2423
868
6684
765
1236
6008
2161
3055
5738
5556
2176
5363
6353
4079
6092
4583
1225
2679
7466
6121
7231
2792
6123
4486
1343
3369
5188
3299
1101
7254
2224
4582
6772
3937
5789
5001
5726
6020
1473
6338
6464
6766
311
2380
1219
1417
184
4253
7474
2910
7177
1774
3609
758
2047
2159
182
4095
930
5252
1345
1185
704
4408
857
5113
3418
3180
2820
4328
5372
7068
6524
6538
2441
6626
6077
2728
5241
3036
5393
4684
2611
4950
3748
5568
2483
881
1265
4136
3659
4009
879
7463
273
3670
6184
5985
201
2626
1995
2487
2523
387
4313
5068
5819
3743
4699
7220
313
5637
3116
6914
2502
7431
7440
644
4488
7311
3144
7331
395
3496
941
3146
7475
629
1336
7355
1165
4075
32
3151
6694
4095
4171
5677
1843
3876
5281
2027
1367
4829
2606
2054
4879
4586
3546
5792
6707
417
1394
3866
1555
2661
104
5785
1854
2393
3342
3827
5710
2446
3929
1657
7113
6078
5659
4524
6968
3945
344
1137
2118
271
6087
7202
3025
1380
4076
2010
5089
3030
5522
1531
3017
7119
1658
4718
3453
5743
3648
6290
2686
465
3775
6683
4525
3140
3780
1056
895
2920
6446
2854
2249
1087
5380
4544
4499
4652
6539
4311
4153
4598
335
1959
2746
2246
179
44
1736
5861
7378
4874
5626
4875
5761
984
6565
4465
5907
6432
2488
657
1835
4269
4268
561
63
4583
166
453
5705
4800
7253
3307
3279
3586
5324
4129
3072
1443
1448
5968
2191
6835
6146
5282
856
1855
1001
6762
2688
2674
6035
2035
7347
1572
2659
2442
6843
848
7265
4525
7011
5110
2828
3659
690
4350
5069
1949
5342
4261
659
6091
5805
3368
3631
4117
2821
5961
1252
4124
479
5527
2859
1669
1172
6747
589
7254
593
778
5310
4441
1768
1861
57
1646
1174
6202
3461
793
3295
5791
2403
5274
5955
4979
1822
3083
2839
6474
390
1
3030
4270
4014
1935
1492
7186
6332
2066
6834
6207
5545
6850
264
2020
1497
491
1430
6228
2785
5934
6940
949
2595
5152
338
1965
747
2938
4016
902
3035
2928
1191
1872
913
6378
5044
6296
2218
4709
210
4276
2031
6349
975
1731
3815
6965
2307
1640
286
2772
7380
5950
5661
3588
143
5898
582
6366
435
1479
927
3280
6656
1933
6262
2884
5629
5919
863
1840
2401
2033
630
1850
5860
3429
583
1720
708
7263
1550
7118
1027
3252
6749
1687
5302
4446
1386
6216
5100
3943
5906
2247
2885
7168
2575
34
3246
7012
5621
2445
6854
576
380
3879
2986
1016
864
1928
5369
2439
4291
4732
4304
4860
2724
7477
2816
5558
7192
4141
6788
5541
7191
4859
7341
2068
5621
38
4173
3612
6061
4740
5676
221
1734
1157
1559
3559
1307
512
7244
1953
1898
4668
3143
2712
5243
4014
3575
4522
2004
3948
1625
4136
3752
2996
5745
5460
1288
1148
7165
4498
6081
1295
3182
1665
2751
1583
6062
6374
7283
6255
4839
2129
7199
2201
2341
4411
4184
7471
2819
90
4461
3551
567
1566
1864
4698
572
3225
3207
2172
2272
4220
6339
7369
2882
3045
180
2623
49
540
331
468
5994
6761
2086
6381
6197
587
3483
5304
2971
1350
5438
1006
29
3288
6410
3167
4481
5377
6910
35
1908
2276
6707
436
6864
6096
1521
859
2182
5131
321
4524
2880
2383
2739
5872
1656
7143
2624
1600
3581
6434
5087
2054
502
5103
4735
2818
210
2926
4310
1811
2620
3131
3651
3773
6566
7008
1517
5704
5167
3143
3933
6420
5065
2426
2069
1850
1311
5452
376
2391
6904
559
6591
1783
4888
3427
5606
7104
2069
399
5646
2543
7013
2348
1963
4548
5296
2067
734
6039
4277
3042
903
2036
5035
4138
5890
1147
1628
7342
4433
1958
7039
5524
2052
1703
1668
1608
3749
6223
6004
7220
6802
3505
82
1751
206
4993
7303
1928
3609
2872
5806
5249
7128
2189
1113
3589
1013
705
7121
1398
651
2464
399
6720
4346
7408
873
5849
5409
1869
2503
6930
4760
1330
2053
7247
7087
6261
4424
2393
1052
7058
7301
102
2473
3157
3968
141
6297
2719
7226
4681
3238
5709
1229
3546
7437
2658
6321
7402
3412
6620
3586
2239
3653
2232
3911
3262
6581
3616
5472
4136
4692
7185
5846
3234
6189
5468
3118
4135
3026
3440
700
1754
619
5426
484
7268
3009
977
7315
5012
7057
3619
4033
3780
6703
6906
3215
5928
3891
3127
6144
5799
644
6129
2328
1118
3724
5265
3713
3585
722
2572
4450
4290
1654
929
1431
6478
508
3990
6600
5703
6090
280
2876
4500
1175
6583
2069
1314
2285
5087
7408
1646
6801
2973
188
1268
4299
7025
2214
6531
782
1909
2558
2802
2523
3588
4024
2578
5577
1748
5504
3110
999
4217
5440
4436
4396
4626
409
5897
2869
971
1196
2410
6009
5172
4294
6926
247
4422
3454
4171
5153
4913
3580
82
7303
4653
4283
833
3787
4345
2644
1307
3046
5040
6581
3027
2840
1683
3977
1680
7097
5442
1628
6410
504
2492
4233
178
2738
7479
6423
6468
4653
4670
3980
5143
237
6576
6120
6434
1780
6824
3008
1956
5477
2375
1845
1404
1953
6250
2699
5354
4116
3017
4025
1054
3872
3123
5216
6159
3400
5894
2497
764
2756
3072
4113
4261
2130
6177
6006
4899
6674
6496
352
2402
5246
177
7467
2345
6815
2190
1546
7032
4758
4580
1795
3765
2090
1318
4271
937
5471
200
2758
4335
2289
6004
4299
168
5595
1693
680
1940
1263
4326
4106
6198
98
4959
579
5330
3147
1294
5957
6659
2270
7169
2173
7241
1086
2308
4196
6081
6490
1956
2451
1966
627
3446
7390
7259
5586
5308
1605
6182
936
5503
7331
4382
3682
6119
2648
3310
6608
1914
1224
2095
6373
4919
6534
3469
5166
4103
2736
6654
4337
3143
3734
3575
5133
7266
6223
7294
1206
6294
1854
1705
4375
6046
5696
3812
5341
6623
2486
440
3289
5266
3061
3027
6995
823
3309
4117
7406
7440
7207
2963
2336
4167
3180
6420
1429
1917
1404
4662
5383
4529
5785
6627
2380
3401
731
1464
1229
7431
4201
2474
4119
4908
1702
4584
7000
4820
4613
7187
5668
409
920
930
6416
69
7177
331
125
2625
3370
7296
5159
680
4759
5431
5180
7048
2542
805
7297
5576
1886
7388
1777
5756
2744
6185
4682
408
6263
6394
6322
4915
2863
3229
5686
5484
2692
7093
1363
6411
2502
4171
5118
5235
3568
6966
131
1164
6882
3528
4299
2006
4505
998
852
1220
6192
1719
5145
6961
4944
6020
2335
6302
7043
1061
3712
2691
1044
4698
4963
6729
5561
3734
1978
1661
1746
1796
3307
1811
5461
737
2218
5442
1103
738
1819
3662
3341
6279
182
1210
2866
3614
5815
1577
5616
1413
4988
3246
2092
3138
2119
427
686
2099
5178
3612
5377
4981
5558
1067
2263
1157
457
384
3135
4526
6120
2111
6666
4238
6234
7261
7287
2595
4929
7188
5618
2308
3251
3289
5293
6064
5023
3510
4006
5113
2352
5002
4105
2298
6377
2406
5538
6843
908
5197
7427
4291
4842
6089
4593
5275
6032
1466
6716
7220
169
1983
623
2757
3208
413
1164
5641
4618
5097
3372
5371
932
1985
1136
2464
6239
2499
4933
1497
6230
3957
3498
6139
5733
2131
4241
821
2755
5821
5814
4779
2674
8
3513
1984
3952
1932
2423
3888
5659
2282
4260
5207
5104
948
5880
3968
1668
4505
6845
6632
4501
1122
6644
3672
6844
2383
466
1254
3091
1441
1298
5710
4731
2184
7361
7194
4298
2425
5088
700
2649
3551
1026
3360
451
1688
359
4921
974
1658
2084
1273
3661
5405
4289
6239
5019
6281
4590
1656
682
4697
1911
2592
1630
6924
506
4225
4348
5055
7227
109
2400
4373
3297
21
3705
3859
6530
1639
2146
6839
2432
2404
5060
6090
4112
5624
7437
3893
3625
3944
3501
3474
218
4897
6810
5248
2186
6789
4732
7188
6651
1669
6555
3068
1045
7288
4730
6554
5755
6674
3027
6179
2153
5600
4039
3491
691
526
4650
6605
232
3610
3247
4292
1189
5403
4792
961
6572
4019
2440
5712
7319
3511
2679
3565
6602
4129
3822
3784
5593
1261
887
4042
6259
1275
1244
4587
1188
3179
4792
3232
934
1124
4188
7489
4624
6134
3563
4669
6632
7424
4359
6814
5490
4085
1278
977
7079
2219
1098
829
3013
962
3065
2496
4221
1975
5098
6453
4369
77
5204
4605
3701
7315
5122
1314
2087
6113
5604
759
5043
5418
4250
4823
2888
4970
4839
4625
3285
2627
793
5380
5574
7060
6597
2951
3295
7240
4923
6323
4780
2864
6627
5333
4599
4358
2662
2508
6342
910
1193
3037
7184
1910
3189
5512
6843
1261
4049
4465
2151
6579
3247
1903
4848
1168
3024
5451
1583
140
5113
3707
350
6127
3389
5952
1526
1922
4219
3752
3949
5191
1162
4587
2843
2242
4429
3798
6770
2384
5943
7101
3645
194
5331
4089
2732
5705
5940
1761
983
6394
4687
7099
2520
5647
1707
128
7500
1881
5666
171
1779
3102
2363
3743
1128
4036
3639
6699
7491
5341
4104
6563
6452
1930
2741
3731
4330
4200
3265
2379
3622
5743
5353
2392
7320
5105
4985
562
6348
6870
4850
3023
5122
3894
2407
1906
3519
5945
18
6722
1577
4532
371
5852
6929
3708
5617
827
7241
3494
2271
4400
4206
5585
5069
3332
3132
1751
2289
155
5786
6567
3489
4913
7265
4938
2723
3063
4700
4830
2146
3629
5970
5120
883
5726
1165
5489
2150
6045
7063
4516
2577
5110
435
2806
231
6529
4275
2152
6203
1018
2274
7358
1201
4493
5730
7068
5144
2684
6485
191
2099
5124
6818
6210
6232
7252
3168
1001
4141
248
2795
2694
2514
972
5219
3456
6287
316
17
6950
1509
1545
7073
5715
5285
5613
4935
3411
4316
5479
4440
2066
1451
7471
2249
4678
1811
7296
778
4746
202
5972
6480
7302
4177
1553
6653
6911
3827
2020
2253
5405
1608
420
516
2854
91
2791
2215
4700
2800
4159
3628
2677
2535
5930
627
7480
4692
1216
1468
573
4429
1023
4498
7269
7384
5208
5689
7477
3267
3112
5536
3271
6661
559
5785
2386
573
1211
4935
5352
3847
2888
3900
2880
23
674
7468
3929
2351
4422
978
5453
6666
1821
3656
2293
4814
2163
3535
3612
4127
5134
3291
5461
7446
5080
1128
3424
1678
1209
708
4534
6854
2830
1634
7012
7259
6714
4915
7179
7159
555
867
330
6228
3172
584
4752
1828
2145
2068
86
547
2648
239
6672
3271
3509
6666
2362
4387
607
4356
3000
1231
190
2860
2628
4178
749
5615
649
4167
2566
4539
2879
6135
7177
371
3205
4038
4453
2918
6687
1864
1774
2602
1822
7269
7003
3786
2843
312
4746
2725
6331
2651
1065
255
1143
5713
1839
3286
1219
2619
5260
1234
4231
5213
4339
6068
2711
2741
4024
577
1709
4967
3418
6115
4
5977
2011
2580
3111
4954
1168
3117
1169
7457
7110
5949
7008
6398
883
1326
2110
2168
6485
3423
5108
6833
342
6265
1212
6723
219
6408
409
4405
2276
3913
1515
2682
7072
100
1265
1030
1988
3273
2672
730
2928
2207
2303
1296
4747
2519
4135
4926
1119
4629
1650
7335
483
3108
5782
7157
5318
772
5465
1681
3622
6609
4501
2095
4336
2548
2002
2649
426
5395
7388
19
3462
756
5091
2133
3138
2631
3983
3018
3138
2260
6768
3867
7272
5335
6940
3885
6116
4122
4599
5804
6356
6397
3547
5034
1915
7146
4082
2563
445
5476
3824
3473
5601
5500
6635
5338
4064
2367
4789
3705
4303
6011
2283
1782
7118
2102
6845
4118
271
588
1424
6632
6374
5615
842
2666
3279
1423
3107
6404
6379
1041
2986
842
179
2103
4625
114
294
6414
5221
325
5971
805
164
6929
5233
6528
4038
2580
3611
4894
5760
6790
3109
4901
7307
3722
6249
92
6955
268
4256
7376
2765
1035
6007
6702
7162
5944
3624
4835
2873
3734
2465
7376
4537
1545
1410
1128
6823
3656
516
4880
675
524
5214
6617
4826
4
3139
3598
3340
584
4991
5155
3032
2101
3591
5713
6415
5789
4169
392
7479
4170
6838
2938
2723
2278
1533
7045
5179
3228
328
1359
351
6144
4248
3637
5513
3734
4356
125
7251
6970
5907
2747
1608
3064
3083
5820
3533
6490
5225
4192
6774
194
3418
2886
5230
605
3322
2125
7342
993
3826
7358
3067
5472
1967
5698
6606
4057
4124
1591
5393
768
133
4011
6122
1765
2872
7059
4157
5095
3567
563
1640
5587
3774
5644
3585
1718
4161
4069
6965
3593
6651
5223
4208
4031
6458
3069
5369
3490
214
476
530
2732
5871
4000
3227
5158
6957
1354
2577
543
6819
7362
946
3856
321
776
6199
1031
6372
3962
3510
715
1229
3082
5606
1617
661
731
577
6959
6809
3506
1662
637
6336
5074
775
5674
4747
586
2702
2793
976
1106
2894
1944
7012
149
1651
4222
1948
4094
3282
3285
2903
4100
2219
7071
677
5949
1630
2734
4548
4869
4262
964
1696
5156
4992
6156
3194
1639
6628
66
5169
2881
4425
4205
902
3790
234
7128
3334
5055
3634
360
188
3858
6672
1245
2685
1087
3724
100
7291
1299
6965
3166
2847
2131
6467
3745
976
7479
5071
5443
3034
6163
5973
1676
1503
2372
1538
3076
383
6249
5380
869
6382
2984
1016
187
3816
3454
7020
2082
972
4713
3553
6781
5783
6938
6489
3281
2111
1589
4930
5274
1849
966
3955
6390
6509
7338
5207
274
4466
2406
3609
845
4560
2700
4181
2938
6835
5851
7410
3099
6248
3563
5913
3591
4440
5044
624
851
3586
6027
5938
2012
7437
1389
3045
5190
6879
2947
422
821
2434
7133
6118
395
6704
7443
7302
1109
6204
6858
3310
3371
4334
5309
6559
5537
3942
294
4963
6469
2655
5168
3038
849
5141
2403
4913
340
3165
1339
3980
1263
767
2892
6691
2630
3811
2194
3078
3792
4421
3182
2334
5981
1314
3173
928
5882
2607
6070
6281
1372
3810
1773
3256
6140
6642
5516
6413
7033
5485
5254
1785
7073
357
1959
1258
4317
707
2820
1744
5641
4333
1773
7341
3899
4740
201
55
5092
4491
6090
3625
4481
5082
4573
5079
4310
597
2916
2670
1448
582
6982
4001
1295
2813
82
2070
4841
6714
1259
566
6522
6147
2926
903
5354
7188
4187
6748
4966
2505
1094
5870
6246
7104
6071
3348
3749
495
751
5850
2920
1127
3838
5540
361
4551
3661
3681
5059
2862
3092
2349
4200
2068
5824
5566
1820
6179
7408
4369
6938
5932
3339
7197
7250
6202
3744
7080
4140
372
5571
4747
1204
2902
6821
3725
3154
6630
3680
2394
6675
596
5900
6211
5039
1103
3482
5949
1695
3588
7061
2478
5233
7353
4540
6397
6105
5148
3991
5374
1858
6480
5269
5036
2057
3314
4707
5141
2825
5833
5960
1788
1825
5435
382
6575
1183
5256
16
6977
999
6915
36
6372
1309
189
4234
6408
5117
2555
2033
3156
1846
7211
3935
1346
7369
3965
230
356
2549
3153
5817
5204
4655
6005
5022
7143
2188
1035
6891
5030
655
1071
5012
2983
1614
6775
5948
1404
2679
2923
432
3125
6206
7447
130
1193
2709
4752
3366
1909
6560
6870
525
4034
5822
4717
4349
5568
3563
6487
6462
5514
1605
5206
2749
1415
6559
4500
1868
5154
2373
6666
5834
1407
4128
4224
1100
948
6189
2956
2594
3957
2864
1861
519
5158
2521
5991
940
4735
555
4592
7083
2744
5822
6701
4180
7365
6709
3562
6849
1794
6120
3992
2664
5713
3483
690
3320
4009
2742
6932
788
4548
4767
5967
215
7061
4012
633
937
2399
6996
7188
1380
4476
2046
2962
7373
3496
5561
2513
5252
2031
493
772
6892
1564
1138
1896
2198
772
804
4431
791
6866
252
652
167
1882
819
5310
5435
6976
4584
2838
2389
5849
3046
93
7112
2072
1799
5384
597
2655
1458
2254
5797
3867
3764
5200
5250
4794
650
5652
1552
6676
1050
3674
3023
1515
2703
870
3493
4756
1911
1621
7110
1615
5432
5016
5283
6723
3489
2517
5077
3932
1883
62
6003
3049
5673
3672
5283
2151
7079
6501
7107
3120
1568
3164
6240
6773
383
4078
1758
3935
1176
530
3690
3169
1441
7106
260
134
3882
2415
3090
4324
5571
2711
5738
7204
3692
5503
6628
5152
5408
6905
7495
1259
5218
657
31
6237
1970
6775
1674
5095
3838
3261
288
2459
5405
322
1460
7421
3703
5684
5068
3609
1554
2346
3391
5435
7066
1609
3744
2404
7467
5997
5900
1294
4274
1011
5793
4366
6697
6466
3587
5164
288
2901
2993
7226
5510
2
520
3115
844
3394
584
4101
4912
4498
7096
4194
6327
7210
995
3843
5913
6623
250
5539
3800
435
676
5533
416
1863
356
5384
3548
337
3486
5367
6757
1074
6160
6329
1987
7288
28
208
4145
2477
2423
1155
5435
2006
5867
2542
294
3486
3572
5448
3542
6760
6368
5224
953
1371
2723
5362
3193
3061
3183
6081
6769
4989
1130
323
7491
5353
226
411
4827
1724
5271
941
4218
4293
6651
7470
4041
4799
1614
3249
3700
5216
4980
458
5962
922
6134
2475
5813
3262
7165
4549
1691
4348
3010
7360
1738
2892
883
1486
5351
6160
4508
6820
5136
691
5955
3929
7071
1121
4276
2623
2509
5672
4814
3300
4244
3432
2114
5733
2947
3831
5449
3732
2903
6686
1030
3992
1265
6533
5548
3051
3699
2087
3580
3488
4476
5084
4209
2926
1287
5510
923
6364
6022
5835
6903
5617
3996
1302
3798
3661
6372
2037
3207
1543
3919
4943
2894
3013
32
1871
2918
5836
2563
2114
5797
2512
329
2071
3394
3895
7385
5915
5447
844
3038
3013
4407
4034
5697
3609
6822
3597
5805
2608
3172
3234
5933
2202
7338
4188
1915
5140
506
5354
4015
7125
3633
6132
6878
5754
561
5765
3762
4844
4592
3451
1735
960
6643
6666
93
5948
2471
4566
1801
568
5057
6333
1450
5737
4370
6313
2959
3015
1578
587
5983
5659
3090
5537
7170
1886
885
34
1597
3944
3229
1073
5363
865
4855
988
6928
756
1374
222
6299
818
2548
5494
1166
6691
3380
6617
4111
3764
560
1053
3203
4213
6225
5975
4161
4528
6265
953
7249
3653
571
758
6510
392
4693
1888
4771
2548
7164
5289
6472
2818
4318
4604
768
7010
1037
4002
966
6372
4408
4676
3681
4564
2733
3867
818
4304
65
6402
33
1300
2027
4637
4544
2751
2899
6774
4312
1986
5311
2180
7492
1273
2795
2160
4789
3744
6449
4114
2933
1162
4397
1513
4484
2326
2278
1571
6967
5116
2116
5340
6657
6201
5903
685
4788
4696
2867
3926
3383
3814
7116
4388
4663
3638
5323
569
4528
952
368
5703
5691
1048
4941
2641
5160
5729
3328
1050
4180
666
5328
6791
2194
2150
1252
1284
3376
3759
5819
7096
2423
6477
31
7241
2346
7385
4880
4037
7473
3190
171
848
2359
6638
5077
4837
4368
7211
6205
653
1259
3637
3159
4884
5538
2510
3203
4709
3501
2308
265
5008
495
1621
7125
5068
107
5245
3645
7473
1423
1666
6108
379
7268
412
3888
1628
982
552
6433
1030
2009
451
6722
3516
3496
7107
7407
2660
6704
2190
3562
2819
3944
4921
2066
1309
7136
4383
268
7319
1313
5112
875
4443
7303
903
3565
2124
3531
6548
2952
6290
1828
4329
3915
608
4725
790
6871
3902
1438
4473
1868
1351
653
580
7466
2079
5365
3757
3881
1364
713
811
4774
5074
4821
6820
6074
1919
2871
5335
5801
4807
3960
5134
5292
4099
7482
5191
5050
409
7422
3623
1702
7019
3582
1475
524
7177
4801
2594
7043
7442
1092
2969
1145
3323
2331
1902
1131
3161
5556
3833
2553
4148
4216
5477
3899
4019
5302
6961
2343
4626
2688
600
6338
3357
5434
3715
3287
6652
7360
3464
140
5291
3899
769
5227
4894
2621
6919
3278
4793
964
4374
1935
5060
7209
587
2111
6217
2557
743
4163
5330
1724
6977
2775
108
3377
3684
2058
2505
2478
5998
2135
3694
2571
5300
1931
6837
3411
6444
4680
814
4637
2700
467
4899
4281
3474
489
7447
940
2596
5692
4752
2835
6455
1092
5827
6536
6451
3680
1935
6086
7474
2065
4515
7277
6119
7430
6692
1028
485
7184
5065
1285
4819
4329
2896
645
411
3783
2749
7243
1860
4679
5835
3340
5550
55
6765
6505
6647
2728
1520
1213
7164
474
2692
5128
5109
2618
1228
6986
6556
5424
6740
332
319
6618
429
3856
1952
4353
426
7327
827
259
4727
4887
3161
6540
480
4087
5487
6374
688
5552
2527
7184
5541
6176
5384
6197
1135
246
5764
5798
6928
5960
4333
2808
855
2486
1049
5727
1165
5267
5942
2370
2631
4295
4728
6756
6981
4144
1887
333
2146
4152
6976
5769
4489
6519
1523
3125
433
2562
4856
6955
3190
3200
904
275
7482
5308
4857
2176
6719
5606
1752
2471
3838
948
1260
2592
7149
2316
5899
320
35
1178
996
3817
6657
6239
2568
7451
2448
20
2275
4190
3089
3658
3141
2807
4250
3399
1330
1427
4084
4665
1800
7476
3119
4519
1332
6120
1675
1040
4355
6340
7151
1538
1958
6487
3270
1356
7214
2824
402
3998
2652
4122
3070
7450
6536
4473
5535
3104
2042
989
1343
6418
4191
3971
2676
3985
5483
4899
1369
4955
7107
1913
6503
1125
1240
438
4019
5311
5725
5730
14
2677
6001
5913
3798
1594
3748
1940
4262
4054
7262
2270
5212
4478
5256
3887
5062
4716
2191
1213
3913
1650
7140
1458
6197
852
2347
216
6414
1764
2662
5686
5836
2374
7371
2640
154
2272
510
2960
2660
3327
4157
4207
871
2178
2753
117
6410
200
6973
1928
3467
4029
4532
1559
5391
7103
7425
115
6848
107
3812
7302
4403
4113
3927
2851
789
3227
7171
2759
124
4039
5126
6180
6386
308
1442
144
7394
3775
4530
4072
3030
6787
2868
4015
256
4330
961
3640
640
710
6941
4841
1196
1532
1252
1024
3142
1653
7181
582
435
1874
2137
6450
3981
813
3103
4983
875
1422
1604
4552
1483
2582
6939
6046
52
1401
576
691
6785
3391
379
5260
5325
3465
3977
3404
6525
4057
2521
5949
888
766
6751
4752
2913
2582
795
3059
3694
4857
694
6217
4594
2157
5915
4771
299
808
2716
1862
6220
7293
5963
7059
1657
3095
3823
4622
4332
4473
4793
1958
2885
179
5605
5289
1906
5680
2396
3069
4626
7403
6172
6119
159
143
2299
3422
3353
3379
7469
2575
4051
6114
313
1937
3698
6656
5678
8
3967
4319
5705
6815
3580
7352
650
991
5967
6786
2422
4436
2663
6148
5073
277
6534
5265
681
7050
5086
6925
7221
3715
1283
1213
3437
4126
5769
3442
5953
2123
5450
6739
1257
3091
330
4782
4478
3362
7069
1050
7237
6529
2677
1710
1659
2376
665
3558
2569
2144
5478
3433
6303
525
3807
1325
2102
4579
670
105
5752
1074
2978
887
3359
6766
1169
5045
6469
2877
4219
6513
1229
6266
5044
2800
1490
1494
1492
934
3044
682
7269
2451
4127
795
4818
4653
5420
3959
4633
6709
6847
3576
5439
682
1449
1074
1597
2245
919
2512
511
1109
3125
1298
372
696
4313
2782
4521
4324
1884
1185
38
1063
7471
2159
2032
27
7200
3877
6231
41
3674
5971
2685
3332
4258
1045
380
5666
1121
3500
923
6956
6641
5599
3325
5751
3469
1474
4402
2122
6677
138
3495
268
1555
5300
1869
7079
7322
6069
794
4990
3367
5550
3886
175
1373
5286
2011
1994
1216
3099
6536
1766
4656
3280
7011
4165
1916
3555
3155
6605
2642
7400
6005
7108
6422
3271
2965
2541
3630
7496
386
6628
5063
2989
7361
2440
7203
3162
6419
759
1481
4963
4415
19
777
3236
1000
2403
6379
3403
978
3033
3196
1743
7144
5778
3635
4440
3792
2886
1057
6079
6350
1325
6949
6411
2649
1511
2656
3075
4021
1875
5771
1895
2488
2431
5512
3666
655
80
5098
6075
5532
3692
3387
4532
4904
2432
5861
1243
1248
6013
438
6859
6319
3753
6170
5099
109
4614
5186
6205
7461
1247
5924
5802
3608
6738
5839
2866
6250
3961
231
3000
4412
639
2804
2595
3664
3533
1982
7287
2954
6206
6575
333
1561
1854
4431
6559
5688
3713
4238
6291
5210
115
6318
4051
2464
1069
4152
5334
783
4631
5716
6518
7340
2438
4679
2718
6241
5000
7417
4318
3635
5888
1284
4945
1579
174
5838
5287
2237
4328
6730
1849
1376
5538
155
6270
6152
3614
97
1618
5598
2751
2499
2904
691
1477
7044
5760
4394
2220
5984
5708
5752
4471
2126
4856
3820
6939
6541
1821
3040
852
617
924
6445
233
5809
1594
1380
5277
6814
4853
4712
2529
2732
3083
3368
5776
2938
5919
1261
5741
3495
1899
3165
4841
4104
2673
1732
1219
2938
4123
2914
3075
3176
5458
318
4831
6789
4067
2711
2831
44
207
1619
7336
3295
838
4690
2552
2809
2851
7172
5980
5911
555
1546
2385
2675
2197
3417
6998
1311
2586
1806
926
3689
3293
4054
6606
99
6860
1294
7166
4332
2149
6536
5035
3259
6982
4154
430
2350
3525
1584
1573
4783
4037
2414
560
6976
2559
4042
4319
4172
5025
2808
4235
5138
6542
6574
7187
2334
908
3326
2771
4709
1634
6576
3993
6107
2195
1444
4215
2831
6449
3753
2951
6538
3656
1360
760
1662
6177
3971
4940
1472
733
3465
6260
2163
4031
7389
6911
368
98
998
3010
1835
5936
1909
6470
6073
3776
2247
6373
6235
2950
809
2105
3707
156
6753
2847
5669
2532
5959
372
2239
5971
3311
4339
398
2314
956
4460
3057
7167
6698
2485
6733
1095
1564
5622
3899
2414
2624
6230
4
5136
2794
24
4566
4879
2956
2198
2717
39
4654
5055
6271
1874
1931
234
78
4656
2154
1257
6473
6
4240
5536
3388
4447
3368
446
6200
5826
6766
4388
6033
1747
5809
5656
4960
1723
2486
3362
998
531
3353
2231
1942
4479
815
924
5786
7361
2078
7115
1543
2244
363
1681
2676
6343
1793
632
907
4853
6442
1941
3701
1388
2051
1468
5197
2537
5295
3626
6554
3956
2202
7476
5997
5790
3247
6289
7019
2257
3549
5261
3433
5728
6747
6981
4132
5855
6819
876
6649
6052
7085
5390
6551
219
1729
1704
1523
3930
2772
1118
145
1690
7174
4364
5319
6167
2049
5736
773
3091
4916
2350
5557
5546
4372
2960
2767
1325
2422
6450
35
5021
5210
3548
6212
2532
6789
1195
50
2769
332
1201
4667
6264
3753
3309
4089
6081
2757
2786
6802
4228
1218
5110
3004
4376
598
5757
177
2870
201
3096
7275
6783
575
1704
7051
5419
769
3676
4389
5385
6053
1338
297
430
2123
5594
1855
2785
4180
583
4134
7116
5310
7225
2794
3288
5391
5655
4830
3298
1548
6926
952
1339
6496
2450
4446
7015
2269
5238
3938
1605
3362
3321
3049
3063
780
5700
1568
7477
688
3034
7304
4514
5805
258
6460
4826
603
5881
417
1319
4555
373
3342
1678
187
4165
4416
3269
6073
3413
2946
6492