1313
523
397
1313
605
1567
1150
895
1974
84
1767
1965
2279
2087
466
1521
416
42
229
1835
1719
971
1658
128
2155
418
1849
441
353
1103
2452
76
2410
1341
901
719
567
192
930
947
173
1934
1040
924
1165
2275
2186
2209
457
1817
837
2190
2388
65
698
334
1363
2015
81
1710
552
716
559
1561
184
705
2362
2098
291
1234
1257
1746
565
1330
332
2161
1388
1141
1282
1118
2132
318
548
450
775
660
1835
1311
721
1986
1671
304
2365
961
2461
689
509
1456
1283
848
1255
188
1770
1655
1536
1422
2129
133
1002
2036
1706
1501
1579
764
285
2138
2254
586
959
746
467
701
1137
729
2428
2158
776
114
1293
2451
1765
1550
357
1469
1070
585
1720
518
76
1433
2385
1544
584
23
1937
1927
210
1246
702
2484
2376
627
956
1983
1684
1246
1112
572
1785
1519
1717
641
2256
1092
1495
1849
1454
138
207
1717
1022
1605
1743
1540
381
2120
2369
425
1438
854
1553
856
546
1762
1914
2312
1039
666
793
333
254
1982
1062
1029
1279
2474
328
1046
71
360
1507
1435
1476
1968
2004
796
2037
2058
1184
1252
1171
929
2213
213
1785
2368
1524
1529
595
1992
1612
185
880
1473
2166
474
1481
848
612
2369
1268
234
2071
959
2499
1651
723
990
604
1764
589
291
2353
2454
2207
412
998
1033
2051
588
2367
5
2375
2020
1400
340
466
1099
225
56
1188
102
861
1756
1352
2127
1501
2419
1910
7
1480
488
877
959
1237
1760
633
111
1179
2022
1305
1851
2324
329
2441
1495
1767
1681
555
1082
2215
1260
2473
2030
1779
425
923
2159
864
1661
2237
259
2002
1990
1944
1667
1015
1867
171
123
1059
2181
1563
1804
626
2440
1439
2253
1767
362
1304
271
2130
2116
292
924
349
2475
2127
438
305
1373
1484
1799
2256
134
2497
982
8
2468
2117
177
1245
1306
720
1182
1671
1817
2015
1018
887
1373
1739
1154
2060
2259
249
2190
1396
1864
1717
1182
583
1462
112
1246
704
853
1480
1472
606
614
1294
75
77
696
2454
1164
1152
2266
76
1053
1470
1316
180
928
193
1824
1690
2413
140
2165
398
2209
591
482
2269
1392
1441
245
452
1177
1734
523
842
140
140
1618
1719
1756
2441
2147
1408
618
87
1723
1307
1871
945
2020
603
355
516
972
1603
2369
831
867
713
24
726
2346
719
1069
285
1399
1036
342
2318
1844
661
1625
352
2014
639
1998
10
1010
1152
802
327
854
2356
1975
2028
2426
1754
99
256
1071
2038
245
443
1209
1600
82
1216
939
1064
825
2289
1982
1545
680
1289
124
789
2052
422
1692
1135
592
930
827
665
1006
71
494
274
256
1039
68
92
9
401
1887
165
1436
2127
1460
2419
1235
1821
1235
2368
2251
942
1198
2477
2459
640
1488
1342
1487
1700
2372
1554
1229
2360
2487
2350
373
1861
1684
2304
388
271
193
40
1958
1188
805
63
2016
550
2424
1348
1990
1744
2181
1000
720
1807
2154
1046
200
269
557
266
1423
1544
605
1529
1353
488
752
1905
1225
1429
111
1565
93
132
1296
877
2116
937
2025
521
148
540
1295
908
296
909
182
1605
2247
1953
716
34
1509
1265
2400
1249
631
715
911
2000
1307
136
582
1051
2001
2049
2471
618
2395
1707
827
456
1984
985
517
1151
13
957
282
2039
376
1422
1942
2180
1458
2052
455
2195
604
699
1406
373
1599
1934
1544
583
1778
974
1383
169
151
1490
26
2451
1241
198
2325
1065
936
1707
1648
1786
1302
628
701
1058
2005
1708
2224
1343
2150
1958
2196
1958
2033
1904
677
1783
840
1209
1428
2242
2184
484
2479
360
92
684
1431
808
2091
454
1824
515
923
1254
2253
994
610
480
1510
1962
728
1756
1252
1443
1858
473
34
709
2032
1858
166
1213
1981
785
1724
1134
2409
1060
1281
260
1827
1570
422
976
978
202
2415
2277
2443
39
847
1910
1644
2288
1139
1291
1452
2434
2005
1334
441
1217
1079
314
1603
1916
2110
824
394
1624
804
480
2489
606
224
1770
138
1330
888
2457
453
2498
1931
1893
571
1551
1275
1882
230
2419
2035
1735
655
683
1897
1173
807
200
1245
2279
1900
2446
1383
639
1618
2261
1190
2375
1065
77
2467
2269
669
1884
1182
1565
2167
2211
1818
167
2205
1173
2147
1390
2487
1941
2188
1838
1246
640
154
149
1145
2128
1783
2361
2463
1468
604
42
1194
1410
2359
716
1946
744
2156
1966
1895
2226
896
1701
2397
1226
2067
59
1900
1901
1092
554
1052
819
2362
2433
15
226
1202
594
199
1070
2338
1674
1510
1481
211
2043
2077
1811
1862
1635
64
687
600
2034
1068
600
764
1942
1030
644
267
895
1382
2171
825
1632
2398
1884
137
1906
429
634
1045
780
1125
1202
2200
927
1989
1933
162
485
643
571
424
453
705
2198
797
306
2018
72
46
260
1122
1611
1464
2364
901
1609
1982
1777
550
1773
1489
369
635
2050
610
2357
669
1903
2453
1682
2205
1275
1301
2214
867
2242
299
1453
469
907
851
1727
1721
454
2319
402
339
329
1030
1958
1711
2402
413
1148
1667
927
30
1918
115
2028
1914
953
204
2147
221
156
1010
1124
1922
1174
225
1294
2459
117
2245
187
2428
21
1673
1652
1908
1268
83
1445
975
117
2344
2273
4
1119
811
1060
1029
731
1187
1801
2277
1330
732
22
1620
321
518
929
1245
1809
1707
1365
2412
1562
12
1388
1284
44
1118
1873
2372
1855
1129
2133
2000
234
1826
133
938
1430
2290
2350
1195
398
302
1066
873
497
2000
946
678
890
1219
2075
1248
2319
403
1921
1036
1470
188
2356
1754
208
1657
829
1370
1913
1214
2213
1401
499
32
1712
54
566
1554
380
1317
1314
999
568
810
39
1698
369
1751
5
702
2039
346
2296
1266
783
1844
1358
651
1168
620
1378
767
1892
1183
194
1708
2499
1390
1731
590
454
628
752
1707
105
1308
416
1630
1346
1742
2234
2292
2287
122
1864
980
1082
753
390
269
2406
1788
790
307
369
1288
501
1663
2198
1330
107
2203
550
2036
1085
583
263
1010
497
1067
777
2456
819
2295
1012
2477
1080
77
2349
1039
1216
1496
1899
1858
2029
735
720
2419
2115
1139
2113
1780
339
1665
2161
621
1463
2339
845
1673
1675
2476
1388
391
450
45
1958
1159
1348
380
1391
2035
1115
609
200
810
1084
1302
1645
579
1259
834
1422
1149
110
1515
2244
1648
510
1086
2067
2148
1286
2294
836
2220
2438
391
972
2356
1737
1601
1586
2225
1964
1400
776
1822
476
915
114
1403
1749
1018
2370
829
245
733
2200
424
2348
1034
280
211
1677
1721
592
2009
854
2413
2353
798
2467
1831
577
462
2445
1739
985
220
1834
883
1615
751
838
515
1382
1097
1966
30
1900
1337
1154
1046
653
1780
2109
1858
667
947
474
1763
928
1104
630
1771
2136
121
2121
583
1906
977
1450
2402
2326
1563
1083
1570
1682
776
1992
97
275
1556
628
148
1509
1729
541
446
1975
560
1938
1018
2033
1921
219
383
1639
150
1318
874
2375
733
905
1827
2268
2052
153
653
76
2256
313
1246
613
1706
772
533
513
430
153
897
2091
1333
1381
746
2289
185
1628
1036
2133
73
1674
472
754
1247
1943
2372
849
540
373
974
340
256
1841
2300
988
1862
544
1990
389
1171
528
334
1852
1336
915
1648
1348
353
2221
1895
1261
1491
40
1944
2078
1995
527
1384
682
1154
2385
789
2336
1252
944
1616
2473
340
2193
220
2298
1087
2270
1832
1260
1224
92
762
199
2465
93
1924
642
89
1438
1587
2478
1873
1720
1995
2326
1577
2087
2441
1632
1137
1280
2241
859
264
710
1157
110
1502
1088
2185
2332
812
1045
338
1913
457
1558
987
662
1506
1671
1338
198
347
1867
1759
1158
2217
2212
2164
1223
2498
388
1552
451
477
593
644
841
556
63
89
2084
928
243
1050
2138
333
2414
986
1589
164
1572
817
2180
1749
2110
2307
884
566
1901
2228
252
300
2391
2012
1685
2422
2025
1708
1416
749
427
160
351
1496
448
451
520
1098
2377
1440
744
766
337
569
213
127
1382
2212
283
686
59
162
516
1532
43
447
2069
1400
71
703
2390
2246
591
648
84
352
1098
2476
226
2027
2024
1037
1027
674
1950
1986
93
427
2301
2161
335
382
991
1813
1045
1751
1084
2467
1439
1807
1449
2099
70
1670
865
2200
308
2029
2214
1142
962
2308
49
314
1284
1704
1507
206
523
2472
1416
992
727
1314
1220
124
1605
2280
712
1463
697
72
1862
2396
1765
1292
1995
1411
2205
556
1472
566
525
1802
631
800
662
2456
1881
1070
2372
1215
739
1465
1690
1211
1275
1806
972
1136
609
1793
2242
772
443
2103
2304
1178
1747
947
914
221
1142
2482
1301
323
2339
105
267
128
1443
829
290
1573
686
345
731
1878
748
1919
884
724
865
1673
228
1296
1471
609
1755
631
415
376
2297
1845
1834
1402
745
1605
243
591
870
2236
1579
909
2177
960
2266
1807
2004
1085
1439
2131
277
2253
9
2492
1671
2115
689
2036
928
1645
1260
329
643
387
845
2137
1007
1541
174
1298
2248
43
1096
2329
1887
2496
1084
1788
2081
738
787
1601
56
252
274
1225
1564
1014
2385
446
503
131
284
843
1807
416
1672
1625
1269
567
188
2032
2461
885
410
1865
676
1196
2349
1097
1834
2368
2063
2210
1114
1070
1156
1018
1290
99
2171
349
1375
1996
33
1666
2290
508
1544
790
658
2072
1473
276
387
1929
240
2450
1160
669
447
1670
2490
408
2373
672
2164
1874
1473
2495
1916
1893
67
1192
2055
1739
699
512
229
2349
1489
2431
1103
90
1362
1405
1684
282
338
1163
1564
877
1724
1606
1626
640
2119
1732
188
2006
1630
322
519
771
1373
93
56
1504
460
18
349
393
969
862
1322
905
1690
970
898
1899
1543
615
1167
2351
156
209
1966
1579
1551
383
825
2419
979
1673
1731
554
2199
982
2005
97
1006
1091
2165
2101
595
2409
1941
441
1296
1235
246
1254
2431
601
77
2031
333
302
351
2311
510
2344
1490
382
1059
598
380
904
454
2477
2415
2263
402
2111
1674
1444
2497
858
583
665
1192
1317
480
2194
2464
2144
1107
405
1249
1613
1801
1539
1503
2229
478
435
1341
506
1333
2010
268
1935
463
1691
1579
2413
2101
832
1774
1557
795
927
1978
2112
630
769
384
70
889
1517
971
1867
403
704
1410
1101
125
218
2277
895
2080
2493
2149
1868
1820
2495
1460
415
1134
1120
2305
1757
1240
2367
1687
1400
1631
187
1253
1790
809
1974
1921
1630
33
472
1533
1752
2326
1471
434
377
312
334
423
2068
2362
895
87
2342
1409
1069
2279
808
1019
709
781
139
1438
1551
1128
1183
980
139
1809
1150
2228
328
691
589
1423
2381
73
2363
1582
676
943
190
1745
1475
2066
1949
1577
1798
265
2187
1581
2452
1406
1575
141
702
2458
638
1255
1061
621
277
448
1411
1049
681
686
228
2357
787
828
1227
1012
1089
2170
1292
1995
254
2273
806
1500
2345
463
448
586
2189
2228
323
2035
131
2479
1526
1504
1111
683
993
1945
275
1528
2462
2392
1476
1289
1164
1313
2361
2323
2210
1846
2059
335
2137
2058
1291
1132
1813
198
552
644
1155
2410
2136
230
662
2231
2291
35
1116
1076
1528
2128
2174
1485
275
805
45
590
1327
1373
57
1496
597
1340
1877
505
336
2090
1640
980
1752
1352
948
1295
616
1317
710
1044
313
578
2491
1953
1817
190
1263
1614
2420
496
2389
341
121
206
1824
1558
2474
1592
877
834
777
653
2400
1089
393
941
277
2289
1146
1562
535
1193
1550
1874
1232
1319
1923
330
975
1291
2310
1876
2442
588
96
661
859
1375
1038
279
224
148
2463
1596
1918
1172
1750
1780
2268
596
2230
879
762
55
384
1190
2060
876
746
675
1838
255
1990
1912
1791
786
2324
1420
988
258
1925
344
2061
1949
1128
880
839
182
1196
2265
2160
732
918
129
100
2386
685
1348
1232
2081
49
1593
1982
578
1224
83
1388
778
1160
800
1806
877
903
1598
1812
2263
1971
992
2
2407
1888
656
1570
1870
640
544
1036
2034
430
1496
2472
1444
59
242
768
225
1750
404
212
1071
234
401
876
306
1430
1300
1593
941
304
1531
381
1246
936
957
2403
1911
1128
316
1000
1550
633
608
1787
58
1846
1274
810
1529
2341
746
1212
1718
1231
1972
1651
1336
1303
1397
1892
596
1792
671
2014
1698
2441
931
1468
1787
1174
1047
2204
330
2322
2032
823
1811
1080
1643
123
504
2449
1375
1832
709
252
1295
1637
859
1340
694
1019
2099
1583
1125
442
951
751
2202
1669
1719
1022
2071
833
843
1138
1192
918
1506
1422
1333
2001
1537
2046
2181
2449
1520
1884
340
2345
2430
2295
1650
1546
935
408
19
1159
1769
2087
1250
400
395
1920
1659
1065
1628
914
831
1032
1134
197
2495
1545
444
1269
629
1193
920
195
469
1471
522
506
2476
333
936
716
2163
945
2254
1363
1158
1021
1941
1693
368
1353
1008
700
818
1779
1507
1464
86
1059
2341
553
1396
867
899
605
1274
1141
2097
1004
1590
218
923
1130
2314
1799
820
987
519
349
331
2138
679
1071
2435
2363
2154
1976
805
1996
749
444
1738
629
1478
978
1720
323
705
1396
2008
449
670
109
931
1057
1366
2362
1386
853
2144
885
958
48
218
2455
992
1451
1596
1486
1496
428
412
1311
804
1873
2279
1690
2022
2408
1365
470
1017
1918
1755
832
1866
99
2142
1971
462
460
405
2500
49
1430
2388
192
634
1046
1158
19
1102
1009
698
2445
1642
602
545
1768
312
2491
1369
837
851
1701
778
959
820
171
2086
296
1697
23
1118
1357
1830
47
643
25
2040
116
2318
350
1946
1631
840
660
1765
2074
613
458
803
1066
449
152
1906
1202
1575
676
1330
148
2102
89
1859
1658
1876
1323
1418
271
2191
960
2179
1129
1581
1418
1718
2457
2140
759
885
1231
382
590
1784
2445
2111
2346
200
1460
1712
84
2472
1847
1391
1959
2395
1339
2411
1741
1138
1400
1039
2308
2227
2305
442
216
1468
797
362
1666
1611
735
322
810
530
1869
1142
2245
606
1491
2049
885
822
1856
536
2363
527
294
2412
512
1969
1036
1499
990
1091
1013
206
1360
387
2091
1662
146
390
537
2109
2483
1980
1518
1571
1418
713
132
2289
449
197
1408
265
348
1337
2067
202
340
346
772
758
487
370
569
626
447
2436
462
550
1316
1619
2208
1952
441
274
835
286
2062
545
167
1103
2276
1893
2094
1490
2141
1319
1259
744
1040
362
2155
473
2432
260
2054
1587
1501
1671
1100
2464
2029
112
1079
658
1294
2282
1169
155
1090
1877
232
1741
2155
814
2167
1442
925
1415
160
2314
1852
1900
1184
391
582
88
1834
2216
1346
2007
533
176
488
1928
732
723
1680
1432
1139
554
1492
435
1410
1244
1967
1762
815
427
2358
1155
1110
387
1547
1521
2425
1513
354
1665
1691
1922
74
1072
1070
2019
447
2129
44
1051
227
1788
709
361
740
2455
120
282
1889
466
1200
747
940
935
85
1599
1228
1471
779
1449
1252
1152
481
1536
1826
1570
1402
55
844
1851
1108
1889
724
841
77
1432
2053
219
637
2270
744
1320
331
421
168
830
1401
519
66
238
2044
452
425
2230
2401
1304
2083
1026
632
2236
1748
2261
1883
1541
1741
1311
827
698
324
2070
2434
2286
328
1166
2139
265
1604
1239
1177
1210
1711
1172
651
18
1322
841
897
492
951
1207
2341
1266
1996
1251
1767
1893
871
2136
1682
775
1021
438
2380
1028
1984
821
2359
211
1652
286
274
2362
1349
2434
390
1889
762
2130
1530
1528
1479
1359
2185
1511
308
1164
1022
608
1392
1127
720
1236
1805
1310
871
2431
1399
333
1031
2406
1443
1995
2323
871
308
2472
2423
2453
615
1092
740
168
2143
636
1287
2173
162
2424
1073
1878
88
1638
642
698
2125
736
604
1741
2414
874
1728
2018
1191
302
150
2080
1308
2154
1961
1035
1083
1811
2074
2225
1881
1113
493
1859
229
2045
1382
1991
1908
2012
487
453
1611
1532
797
2112
1527
907
769
1190
737
2465
1281
1896
2264
720
2482
2467
1165
1506
1381
1549
77
701
1158
2449
1468
2067
2385
745
990
1444
1784
2392
1818
2423
1403
1296
377
870
127
821
1012
1602
831
700
1987
586
2121
778
1129
1311
1680
2372
857
1484
197
188
818
1190
898
2030
1013
1421
239
1561
2256
412
2421
487
1153
146
1566
467
919
1340
1736
1297
1264
1993
2373
1577
2007
1557
77
944
2361
1911
445
1526
527
754
2228
2395
1984
68
2235
648
1925
1774
1213
623
1152
277
1072
1257
650
431
1616
1939
1850
474
43
1757
493
185
2270
523
1855
364
1019
275
1879
863
850
2063
591
2390
45
343
494
1340
726
1789
1413
2145
1763
1747
1248
1128
389
936
771
2144
1890
1591
1748
1516
253
550
2008
2418
679
2366
1383
1243
1417
1583
1257
572
1180
2103
2295
2241
1760
1891
79
2400
37
2111
1022
1633
1708
246
2155
1134
2290
373
2262
1417
126
343
688
835
2430
2116
1923
728
2496
491
432
2441
1587
287
277
1739
1693
1172
1101
894
218
1026
290
1719
218
716
2015
876
471
1549
816
416
1331
2038
1105
1123
2317
433
2214
1268
1749
1220
142
1013
254
2465
2129
2323
1098
561
966
767
2418
694
1145
769
54
1286
2252
2267
2198
1758
2188
99
67
47
569
348
507
1832
1937
1493
2057
116
2017
847
2288
1152
337
169
2344
1203
1951
2447
763
1751
1278
962
444
1050
2336
864
2243
1427
1322
1353
360
2210
104
2317
2008
284
1897
2145
1336
935
796
1546
4
2097
255
1840
874
1524
2290
1106
2117
2371
1936
2455
616
1893
1913
1461
480
1902
1428
1112
363
1267
838
1625
759
126
45
765
2120
1634
2495
1502
115
636
2367
445
238
309
1806
2293
2294
1542
595
1490
574
1919
697
1892
1113
2306
608
1701
1163
35
1796
1198
922
643
48
1630
17
426
290
107
2428
825
2221
452
1976
2040
1021
88
1628
1015
2355
1756
1619
1206
492
2228
8
665
1240
2189
934
2118
962
1761
1998
703
1748
597
1642
2083
884
2339
290
1432
361
1158
2330
1864
1827
473
2466
1508
2088
285
194
1870
1383
1846
1019
2234
1380
1792
1796
33
458
251
238
1144
767
2382
862
1888
1892
122
2381
471
2463
578
388
1862
2126
1752
2091
1834
1142
1178
208
900
1248
2382
812
2097
137
1544
1711
121
2172
551
2062
654
447
1551
223
1328
1250
55
12
2349
2292
958
515
757
2023
193
1616
662
1990
880
1997
1986
1360
121
2327
1972
2256
1761
3
46
963
867
1209
2187
350
482
2162
691
415
2364
2339
2484
2059
2167
578
392
2168
622
610
1359
1511
518
901
9
2179
1566
514
828
571
2109
2272
953
1088
777
1475
1407
2361
1609
779
1036
2424
1178
324
735
750
319
1111
1197
313
549
1021
2335
1368
2118
1163
1296
734
370
503
2103
499
164
969
1387
434
2419
1398
236
2198
929
1959
94
1991
2164
2102
2340
598
653
2381
1291
612
1253
1747
1984
35
1685
1959
2285
1300
1263
811
2052
446
785
877
2043
495
2172
2319
308
508
2035
2059
1308
1418
678
48
1107
968
258
1409
1402
495
1104
1994
712
249
640
77
50
2158
2112
1771
1732
585
1324
769
235
1746
1484
1741
39
2033
566
857
1316
2214
1715
2221
1361
1549
1308
86
1585
1062
645
962
1815
241
2462
85
1182
1827
2049
1264
1713
1434
666
289
1732
1081
1503
2431
899
421
1770
997
1016
433
2420
572
1236
1337
576
1340
2058
2090
262
422
1624
2322
1183
1245
433
228
395
1963
281
746
2343
1672
1303
165
813
137
1902
2187
403
1635
2049
1858
1634
2066
753
2425
1032
183
2225
666
1933
1741
852
247
1393
214
1761
1859
22
1484
58
1197
2496
829
734
2064
2318
147
1364
1859
1789
918
1149
1849
1403
1596
2102
208
1661
2222
415
93
1614
1781
1695
2253
1779
1206
1829
2081
683
2456
1509
1390
1627
1826
1220
797
873
1037
200
1448
1038
2226
1083
2494
911
2015
182
1434
1428
330
328
2362
2132
2310
324
769
896
2386
1078
2158
1796
2173
177
1898
2490
623
139
1271
1466
2292
1304
986
697
632
1090
793
1689
1485
2401
740
2345
2143
659
644
2196
1958
977
1760
364
287
2013
2143
637
2476
53
689
1816
1870
1445
2395
1302
1352
825
2458
77
1291
792
1364
2353
945
2431
408
1153
2301
463
608
1250
1405
155
1304
898
1844
2491
299
1822
941
1098
925
363
1328
508
1363
154
1294
597
711
157
517
1587
2418
1605
2387
1027
2359
1301
205
1531
2317
2053
1410
1830
2183
1068
1
282
2167
2299
918
1442
1332
780
2268
1707
343
111
1530
126
1164
1480
1451
1143
767
1860
516
36
1070
156
800
2360
560
768
536
2176
1397
1562
1520
302
1119
1236
818
1139
218
227
877
1770
2477
828
1526
2192
82
2115
227
2129
1413
81
312
213
1380
318
976
1954
627
706
996
68
2097
2438
2276
2059
367
1202
1427
2053
2365
1952
2245
692
1637
644
1503
1282
1543
2362
339
292
402
277
2484
2250
1651
1784
1201
281
1614
1017
2435
267
2182
2393
662
1516
380
209
492
1949
1515
1340
1565
239
1209
49
726
1106
1963
1713
2170
1253
101
1939
2347
2257
741
393
1554
2288
315
2249
1409
720
2189
490
1836
1884
158
1313
784
1758
821
2314
949
736
1756
2022
2250
2239
150
2384
725
2310
1464
2177
710
2241
2020
635
2263
189
208
2172
1229
527
1618
1456
1822
902
1011
510
1860
128
2449
87
2447
1377
825
2295
2106
899
2463
2267
2021
711
2407
2304
509
320
2460
36
95
327
1844
1295
243
1680
1958
581
763
20
1502
304
1197
2189
1561
888
1051
2039
1923
500
172
1067
2170
1029
107
1315
2124
1375
102
1158
35
308
1578
2195
221
278
1632
2206
1891
799
1994
1148
1147
418
75
538
1222
1475
1632
1874
1184
1935
2298
1913
425
1932
460
678
2374
2156
291
1642
38
1541
525
1952
2247
1992
998
1603
617
1978
1088
561
2013
2200
1890
502
1109
1491
416
2373
2205
93
1533
579
1795
453
2192
681
1326
1424
10
1727
393
2423
1611
119
413
2069
79
511
1881
1982
1289
2282
1304
795
1715
634
1373
895
137
2475
273
966
1817
397
1819
501
1368
1694
1365
312
1702
1913
2307
894
610
1294
817
1232
2360
1176
737
2174
284
1479
2030
1818
55
620
1632
2251
1399
1247
288
841
2258
1405
1870
2302
1444
1901
1290
956
833
420
234
1568
864
1708
2246
2445
863
2221
1591
343
851
1428
1099
5
2081
773
1453
1473
1064
816
2342
2249
74
1796
1915
1041
191
697
2353
2431
2383
2177
753
1401
1105
50
162
239
452
261
1128
1968
1296
187
378
2202
2043
1040
453
223
1972
2371
332
1883
1482
1309
2042
2244
1762
566
611
628
1815
388
1521
1271
2266
1438
1568
2188
1054
1463
1221
1634
1497
2351
248
1316
688
894
1295
1315
489
2042
809
164
1259
1514
2185
2082
263
1657
2068
1500
2010
2278
217
1900
1128
2007
2110
2366
392
875
769
14
1449
2279
1539
1886
2063
229
979
1447
584
2015
989
97
665
889
26
1780
721
1112
160
1127
2247
1396
1902
1179
391
7
1094
2223
442
2136
1096
860
2497
1598
2221
2350
1681
2351
1052
957
1419
215
2137
1778
1603
1362
737
2009
859
1663
1584
48
469
627
21
2318
1025
847
2272
723
1154
810
2136
264
424
70
785
1451
229
1595
1739
2279
1548
1950
777
1912
940
1217
2209
1283
1445
2398
508
1087
744
991
394
1756
1677
2084
1812
1388
1815
57
1749
2362
1934
461
343
2463
830
508
1725
1182
1765
86
1161
2032
424
337
2441
1264
943
2135
1225
1351
106
1552
419
1530
1250
2302
1602
1718
2074
2483
1232
2183
979
919
719
1775
1578
97
725
267
199
655
1360
46
1381
541
1095
835
1499
2363
965
91
420
1418
2457
1042
1200
1877
828
352
781
518
1041
1683
2295
1616
1200
465
801
943
785
253
2108
1075
509
1236
1151
2015
765
2094
1099
1210
170
1157
2400
2093
340
1167
239
2438
2050
923
584
1216
547
2151
796
1663
295
1312
1405
384
1112
2052
771
2138
1510
353
703
496
1847
2175
1033
364
1670
629
1664
486
1672
2372
1799
1419
2461
292
192
386
1802
1213
1373
2150
1084
1724
518
1930
745
1342
1350
1950
2099
1483
180
1857
1609
1527
2163
2444
1283
1145
2333
62
1791
2267
928
4
2171
1245
1322
1299
263
1389
1645
849
1500
302
1380
113
1329
896
409
2380
1481
817
744
1765
835
1582
1628
2045
1858
1745
2048
163
1724
1600
1375
907
1966
108
1577
1474
1163
1919
270
500
539
1369
1500
1617
576
357
2059
1846
1231
1847
895
1605
2487
408
532
2211
31
112
1501
1055
461
488
1633
183
2085
1944
2057
580
1164
398
1253
1975
1908
2116
2479
2194
2377
410
1338
1103
2455
1667
1686
1896
1627
1585
541
902
1923
1038
532
2018
288
1947
2065
1477
2030
1638
913
1136
2343
2090
1403
1596
250
1208
511
1316
2478
2427
925
1589
184
1948
1084
642
2480
2187
309
2467
1918
438
336
810
270
1157
676
1967
510
483
1726
1492
2039
1760
416
1550
527
213
2124
250
1803
187
1244
717
476
768
1759
2093
1361
1711
462
2408
898
2042
902
76
1875
2111
19
2095
1756
300
942
1659
1452
225
476
2380
786
2431
826
1473
865
52
294
1458
59
456
820
456
1831
2436
1875
1619
2092
1615
303
1122
23
1771
2474
409
1649
2313
1412
2066
2084
215
183
2359
1308
1962
1895
2431
1088
1443
1581
341
2161
1039
1735
1447
2271
585
860
1112
786
474
1423
1372
457
2097
2478
2203
903
2101
2361
2068
1252
2329
380
11
2345
165
2008
1232
1134
674
1227
303
772
2343
2135
479
677
1743
1610
127
1896
1632
1583
500
640
1339
1397
1401
1987
924
1760
1468
1553
2239
613
2456
798
1344
1343
2084
764
890
2011
2049
2083
822
2326
965
713
925
682
16
1288
1246
106
113
2124
453
44
2094
2000
1378
1979
1068
1014
107
907
7
1761
436
2281
646
2456
1102
354
250
453
1636
1119
395
1979
647
810
521
1344
2137
2312
142
1272
1289
1942
121
1335
1739
2394
2375
1589
440
609
1244
2250
1607
2157
2347
2150
313
2304
627
1099
1259
456
2298
2070
807
1883
118
689
185
234
720
854
1751
298
766
2239
495
2068
669
262
532
1409
837
1300
843
2469
2318
2197
2009
57
776
845
862
1001
2213
1982
2321
1924
2141
1562
1074
1894
596
1267
128
94
1884
742
1830
412
905
831
1916
1414
360
1273
1352
814
2264
397
2318
1496
2079
753
1577
1576
244
265
459
793
1711
1178
2451
2126
1304
919
1495
1516
1692
653
2058
82
2326
873
2182
1778
1665
2383
2449
960
2291
1555
2023
724
143
2192
1720
494
1351
1489
189
2083
1629
748
1802
569
1704
426
2096
883
396
1138
1157
2189
42
2292
444
2473
1203
1321
913
1127
2090
1501
1182
2371
2096
1630
1886
1734
2458
1288
1948
1338
158
1807
772
119
98
1906
2462
1026
1100
990
2146
1964
1406
111
557
1621
22
1655
2462
181
2028
1092
1231
1850
907
35
730
2421
26
699
2247
1730
286
16
1564
1366
126
1104
2387
2227
882
737
2149
1003
1002
1910
160
1300
1779
2338
2225
432
49
478
2420
583
601
2063